,GLM.RUN1.PA1,GAM.RUN1.PA1,RF.RUN1.PA1,MAXENT.Phillips.RUN1.PA1,GLM.RUN2.PA1,GAM.RUN2.PA1,RF.RUN2.PA1,MAXENT.Phillips.RUN2.PA1,GLM.RUN3.PA1,GAM.RUN3.PA1,RF.RUN3.PA1,MAXENT.Phillips.RUN3.PA1,GLM.RUN4.PA1,GAM.RUN4.PA1,RF.RUN4.PA1,MAXENT.Phillips.RUN4.PA1,GLM.RUN5.PA1,GAM.RUN5.PA1,RF.RUN5.PA1,MAXENT.Phillips.RUN5.PA1,mean.rank,rank,add
bio_1,0.0,0.282,0.32299999999999995,0.057999999999999996,0.0,0.43200000000000005,0.313,0.306,0.0,0.62,0.28,0.098,0.294,0.485,0.307,0.069,0.107,0.557,0.355,0.111,4.75,4,Abies chensiensis_varimp.txt
bio_2,0.0,0.489,0.384,0.07400000000000001,0.0,0.382,0.36700000000000005,0.099,0.11800000000000001,0.509,0.29600000000000004,0.004,0.11199999999999999,0.5,0.34600000000000003,0.005,0.0,0.5539999999999999,0.406,0.04,4.9,5,Abies chensiensis_varimp.txt
bio_7,0.0,0.865,0.529,0.893,0.825,0.9179999999999999,0.629,0.988,0.9329999999999999,0.888,0.662,1.0,0.649,0.917,0.624,1.0,0.779,0.9279999999999999,0.6859999999999999,1.0,1.25,1,Abies chensiensis_varimp.txt
bio_12,0.0,0.317,0.511,0.115,0.037000000000000005,0.268,0.518,0.015,0.0,0.35100000000000003,0.583,0.08900000000000001,0.053,0.353,0.469,0.159,0.195,0.402,0.583,0.06,4.425,3,Abies chensiensis_varimp.txt
bio_14,0.008,0.433,0.315,0.249,0.32,0.433,0.342,0.27899999999999997,0.29,0.385,0.358,0.335,0.34,0.42200000000000004,0.384,0.366,0.14300000000000002,0.369,0.33299999999999996,0.364,3.325,2,Abies chensiensis_varimp.txt
bio_15,0.0,0.258,0.201,0.353,0.396,0.195,0.19,0.42700000000000005,0.0,0.221,0.196,0.23800000000000002,0.23,0.28600000000000003,0.23800000000000002,0.35200000000000004,0.0,0.145,0.228,0.293,5.425,7,Abies chensiensis_varimp.txt
DEM_ele,0.0,0.128,0.27399999999999997,0.21899999999999997,0.0,0.253,0.377,0.331,0.183,0.091,0.248,0.254,0.022000000000000002,0.182,0.275,0.366,0.0,0.134,0.41,0.289,5.3,6,Abies chensiensis_varimp.txt
DEM_aspect,0.0,0.036000000000000004,0.022000000000000002,0.019,0.0,0.002,0.031,0.02,0.036000000000000004,0.027999999999999997,0.036000000000000004,0.028999999999999998,0.0,0.013000000000000001,0.018000000000000002,0.005,0.002,0.009000000000000001,0.033,0.004,8.025,9,Abies chensiensis_varimp.txt
DEM_slope,1.0,0.049,0.106,0.019,0.002,0.057999999999999996,0.079,0.0,0.0,0.044000000000000004,0.067,0.001,0.0,0.038,0.044000000000000004,0.0,0.002,0.013999999999999999,0.10300000000000001,0.0,7.6,8,Abies chensiensis_varimp.txt
bio_1,0.0,0.132,0.317,0.111,0.0,0.12,0.391,0.131,0.20199999999999999,0.136,0.361,0.063,0.0,0.27699999999999997,0.264,0.018000000000000002,0.0,0.18899999999999997,0.179,0.015,5.475,5,Abies fargesii_varimp.txt
bio_2,0.0,0.07,0.16699999999999998,0.016,0.0,0.034,0.20600000000000002,0.066,0.019,0.026000000000000002,0.22699999999999998,0.016,0.0,0.161,0.141,0.017,0.0,0.222,0.272,0.127,6.375,7,Abies fargesii_varimp.txt
bio_7,0.743,0.397,0.449,0.499,0.843,0.599,0.615,0.6829999999999999,0.381,0.5429999999999999,0.43799999999999994,0.524,0.0,0.688,0.552,0.534,0.5379999999999999,0.49700000000000005,0.55,0.588,2.5,3,Abies fargesii_varimp.txt
bio_12,0.0,0.8390000000000001,0.617,0.664,0.0,0.773,0.564,0.581,0.685,0.789,0.615,0.69,0.0,0.804,0.5720000000000001,0.5660000000000001,0.584,0.91,0.687,0.6579999999999999,1.95,1,Abies fargesii_varimp.txt
bio_14,0.419,0.5529999999999999,0.509,0.5660000000000001,0.365,0.474,0.496,0.525,0.489,0.522,0.5579999999999999,0.6,0.0,0.5479999999999999,0.486,0.5760000000000001,0.47,0.574,0.615,0.593,2.5,3,Abies fargesii_varimp.txt
bio_15,0.373,0.36700000000000005,0.27699999999999997,0.39399999999999996,0.243,0.257,0.276,0.33,0.139,0.21100000000000002,0.262,0.335,0.0,0.12300000000000001,0.195,0.29600000000000004,0.0,0.29600000000000004,0.295,0.426,4.525,4,Abies fargesii_varimp.txt
DEM_ele,0.0,0.061,0.156,0.254,0.0,0.121,0.19,0.299,0.086,0.111,0.174,0.203,0.10300000000000001,0.14400000000000002,0.188,0.222,0.0,0.175,0.18899999999999997,0.28,5.825,6,Abies fargesii_varimp.txt
DEM_aspect,0.0,0.01,0.016,0.001,0.0,0.006999999999999999,0.022000000000000002,0.0,0.012,0.028999999999999998,0.022000000000000002,0.002,0.0,0.057999999999999996,0.024,0.0,0.0,0.013999999999999999,0.019,0.001,8.175,9,Abies fargesii_varimp.txt
DEM_slope,0.0,0.013999999999999999,0.071,0.001,0.0,0.01,0.077,0.002,0.003,0.013000000000000001,0.066,0.0,0.995,0.009000000000000001,0.07,0.009000000000000001,0.0,0.025,0.075,0.001,7.675,8,Abies fargesii_varimp.txt
bio_1,0.0,0.326,0.324,0.10400000000000001,0.0,0.039,0.302,0.01,0.0,0.231,0.37,0.008,0.0,0.32,0.34600000000000003,0.15,0.0,0.1,0.22699999999999998,0.025,6.525,7,Abies recurvata_varimp.txt
bio_2,0.586,0.389,0.41200000000000003,0.435,0.0,0.261,0.428,0.281,0.0,0.29100000000000004,0.484,0.3,0.0,0.563,0.619,0.507,0.008,0.187,0.299,0.2,4.35,4,Abies recurvata_varimp.txt
bio_7,0.948,0.433,0.336,0.818,0.643,0.532,0.546,0.895,0.991,0.657,0.64,0.8740000000000001,0.672,0.785,0.583,0.972,0.7090000000000001,0.489,0.648,0.8390000000000001,1.6,1,Abies recurvata_varimp.txt
bio_12,0.0,0.713,0.721,0.687,0.6809999999999999,0.6859999999999999,0.606,0.425,0.0,0.596,0.626,0.446,0.584,0.624,0.63,0.332,0.303,0.618,0.573,0.473,2.6,2,Abies recurvata_varimp.txt
bio_14,0.0,0.23,0.535,0.629,0.243,0.275,0.574,0.631,0.55,0.083,0.434,0.542,0.6,0.078,0.479,0.49700000000000005,0.5379999999999999,0.308,0.594,0.684,3.65,3,Abies recurvata_varimp.txt
bio_15,0.0,0.264,0.1,0.213,0.0,0.32799999999999996,0.109,0.225,0.0,0.132,0.071,0.133,0.191,0.35,0.099,0.183,0.0,0.273,0.096,0.243,6.075,6,Abies recurvata_varimp.txt
DEM_ele,0.0,0.45399999999999996,0.29,0.105,0.0,0.268,0.195,0.252,0.06,0.254,0.29,0.174,0.0,0.391,0.203,0.5489999999999999,0.426,0.309,0.23600000000000002,0.156,4.85,5,Abies recurvata_varimp.txt
DEM_aspect,0.0,0.134,0.037000000000000005,0.033,0.019,0.19699999999999998,0.04,0.052000000000000005,0.0,0.19,0.038,0.073,0.0,0.142,0.038,0.03,0.025,0.091,0.033,0.027999999999999997,7.3,8,Abies recurvata_varimp.txt
DEM_slope,0.0,0.013999999999999999,0.024,0.0,0.0,0.035,0.14300000000000002,0.006999999999999999,0.001,0.055999999999999994,0.043,0.005,0.0,0.048,0.07,0.0,0.004,0.006999999999999999,0.057999999999999996,0.001,8.05,9,Abies recurvata_varimp.txt
bio_1,0.0,0.892,0.09300000000000001,0.0,0.0,0.348,0.23399999999999999,0.0,0.0,0.7290000000000001,0.125,0.0,0.517,0.8690000000000001,0.18,0.0,0.0,0.872,0.158,0.0,6.1,6,Abies spectabilis_varimp.txt
bio_2,0.753,0.826,0.629,0.055999999999999994,0.858,0.826,0.687,0.603,0.706,0.7709999999999999,0.662,0.051,0.0,0.884,0.5579999999999999,0.016,0.0,0.17800000000000002,0.73,0.0,3.975,3,Abies spectabilis_varimp.txt
bio_7,0.9890000000000001,0.987,0.797,0.9620000000000001,0.988,0.998,0.758,0.9009999999999999,0.988,0.991,0.8059999999999999,0.9590000000000001,0.982,0.941,0.7490000000000001,0.904,0.757,0.626,0.7909999999999999,0.938,1.25,1,Abies spectabilis_varimp.txt
bio_12,0.708,0.903,0.35700000000000004,0.221,0.555,0.89,0.258,0.0,0.69,0.892,0.276,0.225,0.0,0.943,0.244,0.163,0.0,0.877,0.19699999999999998,0.37,3.6,2,Abies spectabilis_varimp.txt
bio_14,0.0,0.71,0.128,0.11199999999999999,0.0,0.493,0.13,0.0,0.0,0.531,0.083,0.09,0.0,0.7390000000000001,0.092,0.084,0.0,0.461,0.040999999999999995,0.0,6.3,7,Abies spectabilis_varimp.txt
bio_15,0.0,0.9309999999999999,0.165,0.317,0.0,0.721,0.21100000000000002,0.428,0.0,0.934,0.19899999999999998,0.35100000000000003,0.0,0.945,0.159,0.33399999999999996,0.396,0.585,0.162,0.08199999999999999,4.25,4,Abies spectabilis_varimp.txt
DEM_ele,0.48,0.429,0.385,0.01,0.6459999999999999,0.838,0.613,0.0,0.0,0.342,0.38,0.021,0.0,0.691,0.546,0.10300000000000001,0.619,0.956,0.498,0.195,4.35,5,Abies spectabilis_varimp.txt
DEM_aspect,0.0,0.242,0.009000000000000001,0.0,0.0,0.47600000000000003,0.005,0.0,0.0,0.203,0.006,0.0,0.0,0.434,0.002,0.0,0.0,0.244,0.006,0.0,7.95,9,Abies spectabilis_varimp.txt
DEM_slope,0.078,0.254,0.021,0.0,0.0,0.508,0.016,0.0,0.0,0.266,0.016,0.0,0.0,0.486,0.022000000000000002,0.0,0.0,0.46,0.049,0.0,7.225,8,Abies spectabilis_varimp.txt
bio_1,0.013000000000000001,0.302,0.23399999999999999,0.193,0.0,0.494,0.19399999999999998,0.183,0.0,0.198,0.37200000000000005,0.121,0.0,0.231,0.35600000000000004,0.073,0.0,0.22,0.248,0.114,5.45,6,Abies squamata_varimp.txt
bio_2,0.0,0.524,0.45899999999999996,0.436,0.0,0.5920000000000001,0.433,0.35700000000000004,0.0,0.509,0.563,0.47,0.0,0.45,0.38299999999999995,0.32899999999999996,0.0,0.484,0.40299999999999997,0.331,3.35,2,Abies squamata_varimp.txt
bio_7,0.0,0.862,0.495,0.976,0.0,0.883,0.5760000000000001,0.961,0.608,0.892,0.49,0.976,0.0,0.8320000000000001,0.419,0.9690000000000001,0.0,0.917,0.515,0.9470000000000001,2.2,1,Abies squamata_varimp.txt
bio_12,0.29,0.499,0.374,0.08199999999999999,0.22699999999999998,0.371,0.41,0.153,0.47100000000000003,0.298,0.47,0.132,0.0,0.41,0.395,0.106,0.265,0.433,0.48700000000000004,0.11900000000000001,3.75,3,Abies squamata_varimp.txt
bio_14,0.0,0.36200000000000004,0.083,0.42100000000000004,0.0,0.083,0.066,0.39899999999999997,0.743,0.22899999999999998,0.036000000000000004,0.33899999999999997,0.643,0.32799999999999996,0.065,0.439,0.0,0.314,0.092,0.41200000000000003,4.7,4,Abies squamata_varimp.txt
bio_15,0.026000000000000002,0.316,0.065,0.045,0.006999999999999999,0.431,0.037000000000000005,0.04,0.0,0.15,0.032,0.023,0.0,0.302,0.048,0.066,0.003,0.29600000000000004,0.083,0.013000000000000001,6.35,7,Abies squamata_varimp.txt
DEM_ele,0.0,0.42100000000000004,0.166,0.36700000000000005,0.0,0.546,0.183,0.289,0.0,0.462,0.336,0.332,0.0,0.41,0.304,0.237,0.0,0.433,0.213,0.212,4.75,5,Abies squamata_varimp.txt
DEM_aspect,0.0,0.10400000000000001,0.04,0.018000000000000002,0.0,0.025,0.032,0.004,0.0,0.032,0.027999999999999997,0.02,0.0,0.11900000000000001,0.042,0.008,0.0,0.036000000000000004,0.03,0.032,8.05,9,Abies squamata_varimp.txt
DEM_slope,0.861,0.069,0.098,0.013999999999999999,0.8490000000000001,0.012,0.057999999999999996,0.013000000000000001,0.002,0.08199999999999999,0.078,0.013999999999999999,0.461,0.013999999999999999,0.073,0.021,0.823,0.057,0.075,0.009000000000000001,6.4,8,Abies squamata_varimp.txt
bio_1,0.0,0.349,0.496,0.355,0.063,0.44,0.395,0.316,0.0,0.358,0.5479999999999999,0.42,0.0,0.392,0.526,0.38799999999999996,0.066,0.27,0.478,0.284,4.125,3,Acer griseum_varimp.txt
bio_2,0.418,0.688,0.342,0.022000000000000002,0.7659999999999999,0.33799999999999997,0.248,0.02,0.693,0.17300000000000001,0.28600000000000003,0.009000000000000001,0.0,0.409,0.265,0.0,0.778,0.015,0.316,0.0,4.775,6,Acer griseum_varimp.txt
bio_7,0.0,0.473,0.318,0.5660000000000001,0.0,0.69,0.42200000000000004,0.6559999999999999,0.0,0.895,0.433,0.7070000000000001,0.0,0.534,0.46799999999999997,0.483,0.0,0.579,0.373,0.649,3.05,1,Acer griseum_varimp.txt
bio_12,0.34,0.331,0.29,0.165,0.0,0.485,0.272,0.359,0.0,0.307,0.39799999999999996,0.228,0.0,0.716,0.24,0.511,0.0,0.7509999999999999,0.248,0.12,4.575,4,Acer griseum_varimp.txt
bio_14,0.0,0.423,0.193,0.32799999999999996,0.344,0.502,0.247,0.433,0.0,0.435,0.255,0.315,0.0,0.58,0.235,0.40700000000000003,0.0,0.49,0.306,0.33799999999999997,4.675,5,Acer griseum_varimp.txt
bio_15,0.461,0.507,0.255,0.5539999999999999,0.14,0.494,0.327,0.49200000000000005,0.0,0.436,0.278,0.546,0.502,0.647,0.35,0.486,0.0,0.606,0.25,0.4,3.1,2,Acer griseum_varimp.txt
DEM_ele,0.0,0.21100000000000002,0.18,0.519,0.129,0.188,0.163,0.54,0.27399999999999997,0.282,0.16899999999999998,0.6409999999999999,0.495,0.215,0.16699999999999998,0.42700000000000005,0.0,0.322,0.14,0.622,5.075,7,Acer griseum_varimp.txt
DEM_aspect,0.0,0.004,0.045,0.001,0.0,0.055,0.075,0.005,0.0,0.027999999999999997,0.077,0.037000000000000005,0.0,0.011000000000000001,0.068,0.004,0.0,0.0,0.035,0.003,7.9,9,Acer griseum_varimp.txt
DEM_slope,0.0,0.025,0.131,0.003,0.0,0.01,0.063,0.0,0.0,0.036000000000000004,0.083,0.0,0.0,0.057,0.044000000000000004,0.0,0.0,0.042,0.184,0.063,7.725,8,Acer griseum_varimp.txt
bio_1,0.929,,0.195,0.968,0.0,0.685,0.235,0.932,0.7140000000000001,0.809,0.27699999999999997,0.935,0.609,0.7290000000000001,0.158,0.981,0.898,0.715,0.105,0.9470000000000001,2.3,1,Acer mandshuricum_varimp.txt
bio_2,0.0,,0.037000000000000005,0.006999999999999999,0.0,0.5870000000000001,0.14300000000000002,0.0,0.311,0.726,0.10300000000000001,0.0,0.524,0.184,0.205,0.268,0.004,0.5760000000000001,0.17800000000000002,0.053,5.375,5,Acer mandshuricum_varimp.txt
bio_7,0.505,,0.642,0.26,1.0,0.5479999999999999,0.5920000000000001,0.053,0.344,0.588,0.669,0.05,0.45299999999999996,0.8909999999999999,0.75,0.25,0.387,0.6779999999999999,0.69,0.015,3.6,3,Acer mandshuricum_varimp.txt
bio_12,0.46799999999999997,,0.662,0.59,0.0,0.879,0.518,0.619,0.6970000000000001,0.7559999999999999,0.541,0.6609999999999999,0.0,0.9420000000000001,0.6920000000000001,0.7,0.621,0.937,0.621,0.7070000000000001,2.6,2,Acer mandshuricum_varimp.txt
bio_14,0.0,,0.034,0.057,0.0,0.325,0.025,0.11699999999999999,0.40399999999999997,0.7120000000000001,0.064,0.105,0.0,0.12,0.018000000000000002,0.07400000000000001,0.0,0.16399999999999998,0.027999999999999997,0.095,6.7,7,Acer mandshuricum_varimp.txt
bio_15,0.11800000000000001,,0.043,0.07,0.0,0.546,0.046,0.08,0.0,0.636,0.066,0.115,0.7559999999999999,0.735,0.107,0.204,0.0,0.5670000000000001,0.068,0.124,5.625,6,Acer mandshuricum_varimp.txt
DEM_ele,0.7759999999999999,,0.111,0.735,0.0,0.627,0.14800000000000002,0.58,0.0,0.7340000000000001,0.135,0.595,0.825,0.74,0.158,0.7929999999999999,0.721,0.6559999999999999,0.098,0.48700000000000004,3.675,4,Acer mandshuricum_varimp.txt
DEM_aspect,0.0,,0.057,0.0,0.0,0.142,0.040999999999999995,0.0,0.0,0.289,0.01,0.076,0.0,0.10099999999999999,0.026000000000000002,0.0,0.0,0.163,0.037000000000000005,0.0,7.825,9,Acer mandshuricum_varimp.txt
DEM_slope,0.0,,0.032,0.0,0.0,0.191,0.106,0.001,0.0,0.182,0.131,0.013999999999999999,0.0,0.268,0.069,0.0,0.0,0.315,0.132,0.0,7.3,8,Acer mandshuricum_varimp.txt
bio_1,0.39299999999999996,0.6409999999999999,0.34700000000000003,0.0,0.085,0.6459999999999999,0.37200000000000005,0.013999999999999999,0.545,0.7020000000000001,0.263,0.006999999999999999,0.301,0.648,0.32899999999999996,0.0,0.647,0.685,0.306,0.105,4.375,5,Aglaia lawii_varimp.txt
bio_2,0.08900000000000001,0.451,0.428,0.19899999999999998,0.19,0.428,0.369,0.16699999999999998,0.226,0.276,0.344,0.147,0.096,0.46399999999999997,0.363,0.099,0.35100000000000003,0.423,0.34,0.037000000000000005,4.35,4,Aglaia lawii_varimp.txt
bio_7,0.747,0.8190000000000001,0.418,0.92,0.38799999999999996,0.9129999999999999,0.307,0.9940000000000001,0.534,0.8370000000000001,0.519,0.998,0.665,0.8740000000000001,0.425,0.9440000000000001,0.179,0.711,0.35700000000000004,0.759,1.7,1,Aglaia lawii_varimp.txt
bio_12,0.627,0.6779999999999999,0.674,0.413,0.489,0.26,0.544,0.13699999999999998,0.349,0.20800000000000002,0.265,0.11800000000000001,0.486,0.51,0.552,0.285,0.6809999999999999,0.693,0.315,0.506,2.9,2,Aglaia lawii_varimp.txt
bio_14,0.21899999999999997,0.155,0.09699999999999999,0.006,0.19899999999999998,0.129,0.085,0.05,0.37200000000000005,0.128,0.07,0.064,0.272,0.177,0.07400000000000001,0.023,0.028999999999999998,0.184,0.094,0.0,6.575,7,Aglaia lawii_varimp.txt
bio_15,0.539,0.314,0.172,0.18899999999999997,0.563,0.324,0.161,0.221,0.434,0.391,0.07,0.152,0.5429999999999999,0.386,0.23,0.19899999999999998,0.555,0.348,0.086,0.245,4.275,3,Aglaia lawii_varimp.txt
DEM_ele,0.461,0.47600000000000003,0.096,0.301,0.336,0.406,0.034,0.36200000000000004,0.34,0.46399999999999997,0.094,0.233,0.465,0.436,0.084,0.287,0.28600000000000003,0.392,0.055,0.20199999999999999,4.55,6,Aglaia lawii_varimp.txt
DEM_aspect,0.02,0.083,0.011000000000000001,0.001,0.015,0.024,0.015,0.0,0.012,0.033,0.008,0.004,0.02,0.022000000000000002,0.013999999999999999,0.0,0.012,0.022000000000000002,0.02,0.004,8.825,9,Aglaia lawii_varimp.txt
DEM_slope,0.075,0.13699999999999998,0.085,0.013000000000000001,0.047,0.045,0.049,0.006,0.057999999999999996,0.14400000000000002,0.102,0.081,0.047,0.048,0.069,0.01,0.035,0.11,0.045,0.003,7.45,8,Aglaia lawii_varimp.txt
bio_1,0.237,0.647,0.43700000000000006,0.442,0.297,0.629,0.442,0.667,0.797,0.883,0.312,0.561,0.8270000000000001,,0.254,0.5920000000000001,0.049,0.526,0.55,0.88,2.85,2,Alphonsea monogyna_varimp.txt
bio_2,0.406,0.44799999999999995,0.157,0.0,0.5479999999999999,0.5870000000000001,0.311,0.0,0.392,0.413,0.179,0.0,0.368,,0.07,0.0,0.568,0.62,0.231,0.0,5.0,4,Alphonsea monogyna_varimp.txt
bio_7,0.794,0.932,0.35700000000000004,0.905,0.742,0.884,0.436,0.6890000000000001,0.48,0.613,0.384,0.767,0.991,,0.402,0.973,0.6609999999999999,0.767,0.345,0.579,1.6,1,Alphonsea monogyna_varimp.txt
bio_12,0.579,0.728,0.171,0.18100000000000002,0.934,0.413,0.18100000000000002,0.044000000000000004,0.9570000000000001,0.54,0.124,0.055999999999999994,0.49200000000000005,,0.064,0.359,0.988,0.708,0.121,0.16,3.2,3,Alphonsea monogyna_varimp.txt
bio_14,0.292,0.124,0.061,0.0,0.36,0.25,0.081,0.10300000000000001,0.377,0.545,0.05,0.08900000000000001,0.45799999999999996,,0.036000000000000004,0.0,0.192,0.58,0.037000000000000005,0.022000000000000002,5.9,6,Alphonsea monogyna_varimp.txt
bio_15,0.368,0.608,0.027999999999999997,0.0,0.401,0.502,0.03,0.0,0.42100000000000004,0.429,0.026000000000000002,0.0,0.436,,0.02,0.183,0.35600000000000004,0.439,0.004,0.0,6.225,7,Alphonsea monogyna_varimp.txt
DEM_ele,0.35600000000000004,0.27,0.02,0.16699999999999998,0.358,0.39299999999999996,0.081,0.0,0.441,0.537,0.038,0.031,0.599,,0.016,0.0,0.41,0.606,0.04,0.0,5.85,5,Alphonsea monogyna_varimp.txt
DEM_aspect,0.341,0.426,0.002,0.054000000000000006,0.21100000000000002,0.301,0.005,0.035,0.484,0.542,0.013000000000000001,0.23800000000000002,0.488,,0.003,0.298,0.212,0.321,0.003,0.151,6.4,8,Alphonsea monogyna_varimp.txt
DEM_slope,0.222,0.239,0.013000000000000001,0.013000000000000001,0.19899999999999998,0.122,0.016,0.0,0.166,0.115,0.011000000000000001,0.0,0.135,,0.016,0.0,0.267,0.382,0.022000000000000002,0.002,7.975,9,Alphonsea monogyna_varimp.txt
bio_1,0.17300000000000001,0.556,0.139,0.0,0.159,0.53,0.22399999999999998,0.0,0.091,0.51,0.131,0.013000000000000001,0.23199999999999998,0.5479999999999999,0.249,0.0,0.513,0.515,0.174,0.037000000000000005,4.8,5,Amentotaxus argotaenia_varimp.txt
bio_2,0.124,0.22899999999999998,0.322,0.004,0.106,0.337,0.312,0.001,0.021,0.29100000000000004,0.311,0.0,0.192,0.319,0.21,0.145,0.42,0.609,0.284,0.364,4.55,4,Amentotaxus argotaenia_varimp.txt
bio_7,0.516,0.773,0.19899999999999998,0.542,0.557,0.835,0.183,0.514,0.672,0.853,0.19399999999999998,0.494,0.397,0.807,0.24600000000000002,0.349,0.17800000000000002,0.024,0.17300000000000001,0.012,2.75,2,Amentotaxus argotaenia_varimp.txt
bio_12,0.239,0.573,0.674,0.008,0.32,0.599,0.616,0.035,0.622,0.629,0.726,0.39399999999999996,0.301,0.534,0.479,0.048,0.784,0.623,0.389,0.505,2.2,1,Amentotaxus argotaenia_varimp.txt
bio_14,0.018000000000000002,0.011000000000000001,0.177,0.064,0.009000000000000001,0.016,0.308,0.038,0.027999999999999997,0.027999999999999997,0.179,0.002,0.015,0.08199999999999999,0.231,0.004,0.09300000000000001,0.038,0.24,0.005,6.225,7,Amentotaxus argotaenia_varimp.txt
bio_15,0.221,0.156,0.15,0.0,0.33899999999999997,0.275,0.18600000000000003,0.018000000000000002,0.19699999999999998,0.109,0.184,0.01,0.259,0.04,0.251,0.034,0.16899999999999998,0.083,0.182,0.0,5.225,6,Amentotaxus argotaenia_varimp.txt
DEM_ele,0.325,0.265,0.11,0.303,0.331,0.259,0.086,0.308,0.415,0.29600000000000004,0.08900000000000001,0.321,0.308,0.267,0.154,0.248,0.261,0.306,0.11199999999999999,0.054000000000000006,4.4,3,Amentotaxus argotaenia_varimp.txt
DEM_aspect,0.0,0.003,0.05,0.001,0.01,0.013999999999999999,0.066,0.0,0.0,0.0,0.049,0.002,0.006999999999999999,0.006999999999999999,0.027000000000000003,0.009000000000000001,0.02,0.033,0.023,0.003,8.5,9,Amentotaxus argotaenia_varimp.txt
DEM_slope,0.06,0.055,0.13699999999999998,0.022000000000000002,0.047,0.043,0.185,0.021,0.085,0.068,0.314,0.019,0.044000000000000004,0.038,0.08,0.02,0.042,0.083,0.11699999999999999,0.0,6.35,8,Amentotaxus argotaenia_varimp.txt
bio_1,0.0,0.983,0.02,0.0,0.0,0.9670000000000001,0.009000000000000001,0.0,0.0,0.978,0.021,0.0,0.0,1.0,0.023,0.0,0.0,0.9520000000000001,0.019,0.017,5.1,4,Amentotaxus formosana_varimp.txt
bio_2,0.0,0.934,0.052000000000000005,0.608,0.578,0.508,0.036000000000000004,0.239,0.593,1.0,0.015,0.23800000000000002,0.0,0.987,0.055999999999999994,0.0,0.0,0.9470000000000001,0.053,0.579,3.8,3,Amentotaxus formosana_varimp.txt
bio_7,0.073,0.32,0.22699999999999998,0.9620000000000001,0.764,0.883,0.272,0.9390000000000001,0.382,0.73,0.222,0.99,1.0,0.9420000000000001,0.358,0.992,0.0,0.667,0.289,0.917,2.775,1,Amentotaxus formosana_varimp.txt
bio_12,0.971,0.746,0.073,0.0,1.0,0.522,0.11199999999999999,0.107,0.9590000000000001,1.0,0.166,0.017,0.142,0.688,0.034,0.0,1.0,0.6409999999999999,0.061,0.0,3.375,2,Amentotaxus formosana_varimp.txt
bio_14,0.0,0.452,0.03,0.0,0.0,0.125,0.057,0.0,0.0,0.657,0.024,0.0,0.0,0.985,0.067,0.0,0.0,0.511,0.03,0.0,6.05,7,Amentotaxus formosana_varimp.txt
bio_15,0.0,0.5589999999999999,0.008,0.0,0.0,0.508,0.002,0.0,0.0,0.84,0.022000000000000002,0.0,0.0,0.953,0.069,0.0,0.0,0.596,0.01,0.0,6.375,8,Amentotaxus formosana_varimp.txt
DEM_ele,0.0,0.971,0.01,0.0,0.7759999999999999,0.9540000000000001,0.004,0.003,0.0,0.9420000000000001,0.009000000000000001,0.0,0.0,0.973,0.009000000000000001,0.0,0.0,0.955,0.012,0.0,5.45,6,Amentotaxus formosana_varimp.txt
DEM_aspect,0.035,0.39799999999999996,0.0,0.0,0.157,0.40399999999999997,0.001,0.059000000000000004,0.27699999999999997,0.511,0.001,0.002,0.0,0.253,0.0,0.0,0.439,0.5539999999999999,0.0,0.0,6.75,9,Amentotaxus formosana_varimp.txt
DEM_slope,0.659,0.851,0.022000000000000002,0.486,0.0,0.366,0.006,0.0,0.28600000000000003,0.614,0.028999999999999998,0.0,0.0,0.034,0.006,0.0,0.904,0.723,0.028999999999999998,0.615,5.325,5,Amentotaxus formosana_varimp.txt
bio_1,0.0,0.879,0.098,0.0,0.0,0.81,0.10300000000000001,0.0,0.0,0.9640000000000001,0.11599999999999999,0.0,0.0,0.863,0.156,0.0,0.0,0.9590000000000001,0.055999999999999994,0.0,5.625,7,Amentotaxus yunnanensis_varimp.txt
bio_2,0.0,0.765,0.016,0.0,0.0,0.7759999999999999,0.031,0.0,0.0,0.6,0.015,0.0,0.0,0.711,0.03,0.0,0.0,0.904,0.019,0.0,6.975,9,Amentotaxus yunnanensis_varimp.txt
bio_7,1.0,0.75,0.55,1.0,1.0,0.975,0.491,1.0,0.998,0.985,0.616,1.0,0.9990000000000001,0.935,0.457,1.0,0.998,0.9229999999999999,0.575,1.0,1.4,1,Amentotaxus yunnanensis_varimp.txt
bio_12,0.187,0.7120000000000001,0.201,0.0,0.35600000000000004,0.746,0.141,0.0,0.0,0.7440000000000001,0.395,0.0,0.122,0.5660000000000001,0.262,0.0,0.264,0.851,0.102,0.0,5.175,4,Amentotaxus yunnanensis_varimp.txt
bio_14,0.226,0.988,0.209,0.332,0.0,0.6609999999999999,0.132,0.306,0.345,0.67,0.153,0.349,0.578,0.105,0.267,0.387,0.0,0.9840000000000001,0.054000000000000006,0.285,3.7,2,Amentotaxus yunnanensis_varimp.txt
bio_15,0.25,0.868,0.142,0.051,0.0,0.8909999999999999,0.107,0.048,0.223,0.912,0.17600000000000002,0.063,0.0,0.866,0.161,0.083,0.0,0.898,0.151,0.064,4.175,3,Amentotaxus yunnanensis_varimp.txt
DEM_ele,0.0,0.968,0.114,0.0,0.0,0.74,0.14,0.0,0.0,0.922,0.17800000000000002,0.0,0.0,0.86,0.114,0.0,0.0,0.968,0.09300000000000001,0.0,5.425,5,Amentotaxus yunnanensis_varimp.txt
DEM_aspect,0.0,0.636,0.02,0.0,0.231,0.617,0.018000000000000002,0.0,0.14800000000000002,0.49700000000000005,0.022000000000000002,0.0,0.374,0.7070000000000001,0.034,0.003,0.0,0.428,0.024,0.0,6.9,8,Amentotaxus yunnanensis_varimp.txt
DEM_slope,0.47200000000000003,0.741,0.066,0.28,0.0,0.376,0.067,0.237,0.0,0.611,0.032,0.14300000000000002,0.43,0.603,0.025,0.157,0.43200000000000005,0.512,0.009000000000000001,0.139,5.625,7,Amentotaxus yunnanensis_varimp.txt
bio_1,0.993,0.9229999999999999,0.266,0.384,0.991,0.245,0.355,0.006999999999999999,0.867,,0.294,0.0,0.816,0.98,0.242,0.0,0.8,0.789,0.491,0.192,2.85,2,Amesiodendron chinense_varimp.txt
bio_2,0.593,0.7290000000000001,0.061,0.17300000000000001,0.917,0.847,0.132,0.282,0.621,,0.059000000000000004,0.001,0.7240000000000001,0.723,0.05,0.192,0.718,0.7559999999999999,0.086,0.0,4.0,4,Amesiodendron chinense_varimp.txt
bio_7,0.39899999999999997,0.861,0.14300000000000002,0.86,0.7390000000000001,0.9640000000000001,0.231,0.9620000000000001,0.6940000000000001,,0.11599999999999999,0.9940000000000001,0.578,0.985,0.204,0.97,0.506,0.8759999999999999,0.193,0.9540000000000001,2.4,1,Amesiodendron chinense_varimp.txt
bio_12,0.439,0.735,0.11,0.138,0.514,0.8759999999999999,0.081,0.166,0.738,,0.13699999999999998,0.085,0.878,0.821,0.136,0.141,0.8370000000000001,0.447,0.042,0.10300000000000001,3.65,3,Amesiodendron chinense_varimp.txt
bio_14,0.318,0.294,0.02,0.033,0.0,0.855,0.047,0.231,0.32299999999999995,,0.016,0.0,0.7190000000000001,0.5429999999999999,0.07200000000000001,0.0,0.52,0.721,0.028999999999999998,0.0,6.325,7,Amesiodendron chinense_varimp.txt
bio_15,0.0,0.8,0.039,0.013999999999999999,0.474,0.831,0.131,0.284,0.312,,0.037000000000000005,0.005,0.474,0.8440000000000001,0.063,0.059000000000000004,0.527,0.7070000000000001,0.028999999999999998,0.005,5.55,6,Amesiodendron chinense_varimp.txt
DEM_ele,0.586,0.518,0.026000000000000002,0.2,0.7509999999999999,0.48,0.036000000000000004,0.161,0.63,,0.065,0.26899999999999996,0.526,0.7090000000000001,0.037000000000000005,0.24100000000000002,0.623,0.698,0.022000000000000002,0.299,4.9,5,Amesiodendron chinense_varimp.txt
DEM_aspect,0.278,0.135,0.006999999999999999,0.0,0.314,0.445,0.005,0.0,0.192,,0.004,0.006,0.066,0.535,0.019,0.011000000000000001,0.045,0.321,0.01,0.0,8.35,9,Amesiodendron chinense_varimp.txt
DEM_slope,0.0,0.426,0.015,0.054000000000000006,0.129,0.498,0.012,0.040999999999999995,0.598,,0.048,0.253,0.161,0.643,0.027999999999999997,0.075,0.13699999999999998,0.441,0.013999999999999999,0.05,6.975,8,Amesiodendron chinense_varimp.txt
bio_1,0.0,0.8859999999999999,0.096,0.002,0.993,0.934,0.188,0.02,0.203,0.818,0.258,0.0,0.0,0.951,0.121,0.042,0.0,,0.1,0.07200000000000001,3.85,2,Annamocarya sinensis_varimp.txt
bio_2,0.9390000000000001,0.9179999999999999,0.018000000000000002,0.124,0.0,0.8079999999999999,0.042,0.151,0.0,0.736,0.10300000000000001,0.057,0.541,0.9,0.038,0.086,0.0,,0.051,0.131,4.475,4,Annamocarya sinensis_varimp.txt
bio_7,0.0,0.871,0.245,0.812,0.0,0.8490000000000001,0.192,0.636,0.706,0.767,0.374,0.877,0.687,0.846,0.21100000000000002,0.768,0.637,,0.162,0.516,2.7,1,Annamocarya sinensis_varimp.txt
bio_12,0.402,0.919,0.273,0.0,0.0,0.8340000000000001,0.11900000000000001,0.0,0.0,0.8420000000000001,0.171,0.0,0.0,0.975,0.13699999999999998,0.006,0.436,,0.1,0.0,4.45,3,Annamocarya sinensis_varimp.txt
bio_14,0.0,0.821,0.255,0.0,0.0,0.843,0.282,0.0,0.0,0.838,0.22399999999999998,0.0,0.0,0.619,0.052000000000000005,0.0,0.0,,0.159,0.0,5.3,6,Annamocarya sinensis_varimp.txt
bio_15,0.29100000000000004,0.912,0.151,0.011000000000000001,0.0,0.917,0.195,0.0,0.0,0.82,0.218,0.0,0.0,0.893,0.037000000000000005,0.0,0.0,,0.17,0.0,4.85,5,Annamocarya sinensis_varimp.txt
DEM_ele,0.0,0.815,0.11800000000000001,0.0,0.0,0.894,0.157,0.0,0.0,0.9,0.18899999999999997,0.0,0.0,0.878,0.11599999999999999,0.0,0.0,,0.13699999999999998,0.0,5.675,7,Annamocarya sinensis_varimp.txt
DEM_aspect,0.0,0.32899999999999996,0.174,0.0,0.0,0.611,0.157,0.0,0.0,0.452,0.046,0.0,0.0,0.174,0.121,0.0,0.0,,0.027000000000000003,0.032,6.675,8,Annamocarya sinensis_varimp.txt
DEM_slope,0.0,0.62,0.02,0.021,0.0,0.595,0.006999999999999999,0.004,0.0,0.405,0.016,0.049,0.0,0.285,0.026000000000000002,0.0,0.0,,0.027000000000000003,0.0,7.025,9,Annamocarya sinensis_varimp.txt
bio_1,0.46799999999999997,0.9209999999999999,0.501,0.868,0.789,0.92,0.479,0.934,0.601,0.845,0.47700000000000004,0.87,0.639,1.0,0.498,0.965,0.547,0.902,0.368,0.92,1.65,1,Aquilaria sinensis_varimp.txt
bio_2,0.321,0.419,0.107,0.0,0.27,0.48200000000000004,0.1,0.0,0.34299999999999997,0.47200000000000003,0.099,0.0,0.409,0.638,0.214,0.013999999999999999,0.452,0.068,0.132,0.048,5.85,6,Aquilaria sinensis_varimp.txt
bio_7,0.9570000000000001,0.309,0.237,0.071,0.871,0.743,0.21100000000000002,0.0,0.919,0.818,0.23600000000000002,0.055,0.9640000000000001,0.622,0.244,0.0,0.982,0.601,0.23,0.0,3.525,3,Aquilaria sinensis_varimp.txt
bio_12,0.37200000000000005,0.268,0.134,0.0,0.401,0.304,0.079,0.0,0.365,0.419,0.10800000000000001,0.0,0.5,0.358,0.10400000000000001,0.001,0.47700000000000004,0.44799999999999995,0.081,0.0,6.3,7,Aquilaria sinensis_varimp.txt
bio_14,0.531,0.8190000000000001,0.39,0.11199999999999999,0.863,0.792,0.18100000000000002,0.105,0.5529999999999999,0.77,0.254,0.095,0.696,0.784,0.261,0.081,0.737,0.757,0.20800000000000002,0.225,2.65,2,Aquilaria sinensis_varimp.txt
bio_15,0.27399999999999997,0.496,0.016,0.003,0.057,0.516,0.025,0.0,0.212,0.505,0.018000000000000002,0.0,0.444,0.695,0.008,0.0,0.456,0.516,0.016,0.004,6.625,8,Aquilaria sinensis_varimp.txt
DEM_ele,0.765,0.337,0.035,0.053,0.7140000000000001,0.33,0.067,0.0,0.608,0.39399999999999996,0.038,0.0,0.802,0.7709999999999999,0.040999999999999995,0.06,0.825,0.474,0.022000000000000002,0.0,5.225,5,Aquilaria sinensis_varimp.txt
DEM_aspect,0.07200000000000001,0.193,0.011000000000000001,0.022000000000000002,0.034,0.08,0.006,0.006,0.067,0.085,0.018000000000000002,0.04,0.135,0.075,0.004,0.009000000000000001,0.047,0.031,0.008,0.011000000000000001,8.025,9,Aquilaria sinensis_varimp.txt
DEM_slope,0.45399999999999996,0.418,0.044000000000000004,0.382,0.405,0.35200000000000004,0.031,0.307,0.39,0.39299999999999996,0.031,0.298,0.529,0.39899999999999997,0.044000000000000004,0.326,0.433,0.391,0.033,0.322,5.15,4,Aquilaria sinensis_varimp.txt
bio_1,0.735,0.809,0.513,0.524,0.716,0.755,0.501,0.155,0.8959999999999999,0.821,0.59,0.596,0.782,0.767,0.612,0.29,0.7070000000000001,0.698,0.508,0.364,1.3,1,Artocarpus hypargyreus_varimp.txt
bio_2,0.429,0.523,0.252,0.138,0.41,0.33899999999999997,0.168,0.086,0.39799999999999996,0.5920000000000001,0.165,0.14,0.54,0.573,0.24600000000000002,0.10400000000000001,0.37,0.374,0.23,0.19,4.2,4,Artocarpus hypargyreus_varimp.txt
bio_7,0.562,0.58,0.268,0.424,0.6559999999999999,0.624,0.321,0.615,0.519,0.5429999999999999,0.245,0.578,0.662,0.638,0.302,0.593,0.615,0.677,0.212,0.687,2.15,2,Artocarpus hypargyreus_varimp.txt
bio_12,0.5710000000000001,0.653,0.198,0.29600000000000004,0.46,0.606,0.127,0.271,0.41600000000000004,0.48,0.09300000000000001,0.19399999999999998,0.41700000000000004,0.6729999999999999,0.096,0.133,0.389,0.596,0.128,0.087,3.85,3,Artocarpus hypargyreus_varimp.txt
bio_14,0.11,0.251,0.114,0.002,0.083,0.079,0.033,0.0,0.495,0.28600000000000003,0.045,0.001,0.07400000000000001,0.139,0.213,0.069,0.182,0.18899999999999997,0.052000000000000005,0.001,7.025,7,Artocarpus hypargyreus_varimp.txt
bio_15,0.401,0.501,0.086,0.345,0.35600000000000004,0.392,0.085,0.198,0.021,0.56,0.162,0.49700000000000005,0.24600000000000002,0.335,0.133,0.281,0.498,0.395,0.06,0.294,4.45,5,Artocarpus hypargyreus_varimp.txt
DEM_ele,0.146,0.42,0.059000000000000004,0.142,0.22,0.327,0.069,0.17800000000000002,0.48200000000000004,0.406,0.037000000000000005,0.037000000000000005,0.273,0.311,0.040999999999999995,0.145,0.233,0.364,0.059000000000000004,0.214,5.75,6,Artocarpus hypargyreus_varimp.txt
DEM_aspect,0.046,0.06,0.034,0.001,0.006,0.009000000000000001,0.048,0.0,0.047,0.008,0.017,0.0,0.012,0.02,0.03,0.0,0.031,0.062,0.028999999999999998,0.028999999999999998,8.675,9,Artocarpus hypargyreus_varimp.txt
DEM_slope,0.045,0.09,0.055999999999999994,0.061,0.021,0.084,0.057,0.026000000000000002,0.12300000000000001,0.067,0.079,0.034,0.051,0.07200000000000001,0.057,0.083,0.02,0.10300000000000001,0.048,0.019,7.6,8,Artocarpus hypargyreus_varimp.txt
bio_1,0.7020000000000001,0.8220000000000001,0.14,0.47100000000000003,0.0,1.0,0.397,0.39799999999999996,0.0,0.865,0.13699999999999998,0.322,0.0,0.8640000000000001,0.023,0.0,0.0,0.971,0.14400000000000002,0.369,4.275,4,Barringtonia racemosa_varimp.txt
bio_2,0.7020000000000001,0.917,0.209,0.0,0.594,0.887,0.42200000000000004,0.0,0.882,0.9309999999999999,0.319,0.0,0.9009999999999999,0.932,0.10300000000000001,0.0,0.635,0.857,0.348,0.0,3.65,2,Barringtonia racemosa_varimp.txt
bio_7,0.8759999999999999,1.0,0.155,0.6809999999999999,0.0,1.0,0.34700000000000003,0.794,1.0,0.997,0.27699999999999997,0.852,1.0,1.0,0.185,0.861,0.0,0.9840000000000001,0.39799999999999996,0.7929999999999999,2.0,1,Barringtonia racemosa_varimp.txt
bio_12,0.8690000000000001,0.5489999999999999,0.055,0.046,0.997,0.794,0.171,0.015,0.40299999999999997,0.765,0.125,0.006999999999999999,1.0,0.607,0.11699999999999999,0.161,0.998,0.748,0.03,0.011000000000000001,4.2,3,Barringtonia racemosa_varimp.txt
bio_14,0.0,0.623,0.165,0.092,0.0,0.868,0.132,0.0,0.0,0.895,0.17800000000000002,0.006999999999999999,0.0,0.759,0.157,0.037000000000000005,0.0,0.9079999999999999,0.149,0.0,5.125,5,Barringtonia racemosa_varimp.txt
bio_15,0.22899999999999998,0.02,0.062,0.0,0.248,0.44799999999999995,0.006999999999999999,0.0,0.34700000000000003,0.943,0.04,0.107,0.698,0.523,0.019,0.0,0.264,0.6679999999999999,0.045,0.0,5.825,7,Barringtonia racemosa_varimp.txt
DEM_ele,0.0,0.978,0.034,0.0,0.39799999999999996,0.858,0.13699999999999998,0.0,0.7979999999999999,0.9590000000000001,0.036000000000000004,0.0,0.0,0.8270000000000001,0.01,0.0,0.34,0.736,0.040999999999999995,0.0,5.6,6,Barringtonia racemosa_varimp.txt
DEM_aspect,0.0,0.0,0.001,0.0,0.08800000000000001,0.446,0.028999999999999998,0.0,0.0,0.281,0.013999999999999999,0.0,0.8029999999999999,0.342,0.018000000000000002,0.0,0.10300000000000001,0.244,0.036000000000000004,0.0,7.325,9,Barringtonia racemosa_varimp.txt
DEM_slope,0.0,0.048,0.003,0.125,0.159,0.439,0.004,0.0,0.0,0.23399999999999999,0.006999999999999999,0.004,0.45299999999999996,0.647,0.001,0.138,0.131,0.217,0.002,0.0,7.0,8,Barringtonia racemosa_varimp.txt
bio_1,0.008,0.857,0.33399999999999996,0.064,0.0,,0.275,0.525,0.0,0.804,0.307,0.526,0.0,0.922,0.415,0.218,0.0,0.941,0.247,0.11,3.025,2,Burretiodendron esquirolii_varimp.txt
bio_2,0.061,0.228,0.129,0.0,0.126,,0.126,0.0,0.0,0.10400000000000001,0.161,0.0,0.276,0.9129999999999999,0.198,0.0,0.0,0.816,0.17600000000000002,0.0,5.25,5,Burretiodendron esquirolii_varimp.txt
bio_7,0.9440000000000001,0.992,0.191,0.885,0.736,,0.076,0.368,0.9990000000000001,0.995,0.14800000000000002,0.414,0.685,0.998,0.135,0.604,0.7290000000000001,0.823,0.14400000000000002,0.9179999999999999,2.15,1,Burretiodendron esquirolii_varimp.txt
bio_12,0.0,0.7070000000000001,0.10800000000000001,0.0,0.0,,0.081,0.0,0.179,0.303,0.08199999999999999,0.0,0.0,0.976,0.052000000000000005,0.0,0.0,0.441,0.08,0.02,6.05,7,Burretiodendron esquirolii_varimp.txt
bio_14,0.0,0.446,0.032,0.0,0.424,,0.01,0.0,0.0,0.47700000000000004,0.024,0.0,0.008,0.8190000000000001,0.033,0.0,0.0,0.045,0.01,0.059000000000000004,6.9,9,Burretiodendron esquirolii_varimp.txt
bio_15,0.0,0.677,0.01,0.0,0.485,,0.006,0.0,0.0,0.578,0.013000000000000001,0.0,0.47600000000000003,0.883,0.008,0.0,0.745,0.631,0.013000000000000001,0.0,6.5,8,Burretiodendron esquirolii_varimp.txt
DEM_ele,0.0,0.9740000000000001,0.073,0.0,0.359,,0.061,0.0,0.408,0.812,0.051,0.0,0.386,0.991,0.114,0.078,0.382,0.889,0.053,0.094,4.7,3,Burretiodendron esquirolii_varimp.txt
DEM_aspect,0.0,0.7490000000000001,0.214,0.0,0.0,,0.052000000000000005,0.0,0.0,0.855,0.07400000000000001,0.0,0.078,0.8170000000000001,0.054000000000000006,0.0,0.0,0.938,0.281,0.013999999999999999,5.7,6,Burretiodendron esquirolii_varimp.txt
DEM_slope,0.0,0.871,0.052000000000000005,0.004,0.758,,0.17300000000000001,0.147,0.0,0.6579999999999999,0.08900000000000001,0.129,0.231,0.722,0.096,0.10400000000000001,0.0,0.8959999999999999,0.111,0.057,4.725,4,Burretiodendron esquirolii_varimp.txt
bio_1,0.652,0.43799999999999994,0.44799999999999995,0.49700000000000005,0.544,0.619,0.42700000000000005,0.17600000000000002,0.0,0.8340000000000001,0.006,0.042,0.0,0.9079999999999999,0.542,0.826,0.9440000000000001,,0.62,0.8240000000000001,3.825,3,Canarium subulatum_varimp.txt
bio_2,0.794,0.935,0.58,0.0,0.8240000000000001,0.9440000000000001,0.512,0.0,0.0,0.622,0.07,0.637,0.618,0.8809999999999999,0.444,0.0,0.066,,0.5379999999999999,0.0,4.075,4,Canarium subulatum_varimp.txt
bio_7,0.9840000000000001,0.943,0.235,0.423,0.938,0.998,0.183,0.41100000000000003,0.0,0.02,0.039,0.193,0.9390000000000001,1.0,0.282,0.049,0.561,,0.364,0.032,3.35,2,Canarium subulatum_varimp.txt
bio_12,0.9670000000000001,0.9990000000000001,0.276,0.228,0.998,1.0,0.522,0.47100000000000003,1.0,1.0,0.133,0.8290000000000001,0.909,0.91,0.371,0.22699999999999998,0.177,,0.23800000000000002,0.222,2.15,1,Canarium subulatum_varimp.txt
bio_14,0.0,0.5539999999999999,0.044000000000000004,0.0,0.0,0.24100000000000002,0.163,0.045,0.11699999999999999,0.39899999999999997,0.055999999999999994,0.0,0.0,0.27899999999999997,0.027000000000000003,0.0,0.0,,0.111,0.0,6.75,7,Canarium subulatum_varimp.txt
bio_15,0.0,0.622,0.012,0.0,0.08,0.89,0.013999999999999999,0.0,0.0,0.405,0.006999999999999999,0.24600000000000002,0.297,0.037000000000000005,0.016,0.0,0.032,,0.031,0.0,7.0,8,Canarium subulatum_varimp.txt
DEM_ele,0.871,0.877,0.146,0.0,0.632,0.9790000000000001,0.136,0.0,0.353,0.536,0.006,0.418,0.0,0.996,0.18100000000000002,0.0,0.389,,0.16,0.0,5.15,5,Canarium subulatum_varimp.txt
DEM_aspect,0.446,0.522,0.032,0.213,0.354,0.736,0.038,0.311,0.5329999999999999,0.44799999999999995,0.046,0.17,0.836,0.852,0.005,0.131,0.397,,0.005,0.11199999999999999,5.4,6,Canarium subulatum_varimp.txt
DEM_slope,0.187,0.065,0.002,0.0,0.324,0.146,0.003,0.0,0.0,0.406,0.002,0.0,0.42700000000000005,0.6709999999999999,0.055999999999999994,0.0,0.43799999999999994,,0.077,0.0,7.3,9,Canarium subulatum_varimp.txt
bio_1,0.648,0.513,0.309,0.29,0.462,0.48200000000000004,0.452,0.19699999999999998,0.753,0.7290000000000001,0.47,0.252,0.6629999999999999,,0.43799999999999994,0.451,0.623,,0.322,0.0,2.45,1,Castanopsis kawakamii_varimp.txt
bio_2,0.4,0.642,0.33399999999999996,0.0,0.35,0.588,0.299,0.0,0.48,0.5379999999999999,0.23800000000000002,0.0,0.5329999999999999,,0.237,0.031,0.529,,0.257,0.0,4.425,5,Castanopsis kawakamii_varimp.txt
bio_7,0.5489999999999999,0.728,0.262,0.389,0.733,0.7709999999999999,0.271,0.43,0.514,0.6409999999999999,0.387,0.302,0.262,,0.228,0.154,0.644,,0.317,0.506,2.65,2,Castanopsis kawakamii_varimp.txt
bio_12,0.32,0.311,0.106,0.516,0.11800000000000001,0.6459999999999999,0.113,0.541,0.43200000000000005,0.618,0.078,0.606,0.922,,0.09,0.624,0.342,,0.079,0.617,3.8,3,Castanopsis kawakamii_varimp.txt
bio_14,0.606,0.7140000000000001,0.247,0.003,0.36200000000000004,0.541,0.272,0.002,0.758,0.659,0.14400000000000002,0.011000000000000001,0.561,,0.18100000000000002,0.002,0.737,,0.19,0.036000000000000004,3.975,4,Castanopsis kawakamii_varimp.txt
bio_15,0.596,0.503,0.047,0.249,0.5720000000000001,0.473,0.065,0.20800000000000002,0.49200000000000005,0.519,0.055999999999999994,0.054000000000000006,0.368,,0.049,0.32,0.56,,0.047,0.11199999999999999,4.75,6,Castanopsis kawakamii_varimp.txt
DEM_ele,0.172,0.267,0.032,0.0,0.168,0.0,0.037000000000000005,0.024,0.384,0.395,0.023,0.0,0.204,,0.03,0.0,0.285,,0.027999999999999997,0.136,6.95,7,Castanopsis kawakamii_varimp.txt
DEM_aspect,0.004,0.065,0.025,0.02,0.021,0.113,0.019,0.006,0.031,0.09699999999999999,0.02,0.0,0.0,,0.005,0.0,0.0,,0.024,0.0,8.05,9,Castanopsis kawakamii_varimp.txt
DEM_slope,0.057999999999999996,0.04,0.011000000000000001,0.039,0.04,0.026000000000000002,0.006999999999999999,0.002,0.076,0.069,0.008,0.001,0.0,,0.013000000000000001,0.028999999999999998,0.10800000000000001,,0.015,0.001,7.95,8,Castanopsis kawakamii_varimp.txt
bio_1,0.0,0.59,0.316,0.0,0.22,0.675,0.299,0.0,0.0,0.858,0.22,0.0,0.0,0.053,0.281,0.0,0.0,0.742,0.337,0.0,5.25,6,Cathaya argyrophylla_varimp.txt
bio_2,1.0,0.9620000000000001,0.214,0.922,0.943,0.9259999999999999,0.365,1.0,1.0,0.669,0.091,0.9109999999999999,0.8140000000000001,0.905,0.282,0.955,1.0,0.851,0.35200000000000004,0.968,1.6,1,Cathaya argyrophylla_varimp.txt
bio_7,0.0,0.868,0.079,0.006,0.0,0.728,0.06,0.026000000000000002,0.021,0.804,0.07400000000000001,0.0,0.012,0.807,0.102,0.0,0.342,0.795,0.028999999999999998,0.001,4.7,4,Cathaya argyrophylla_varimp.txt
bio_12,0.0,0.33399999999999996,0.151,0.0,0.0,0.7170000000000001,0.136,0.0,0.0,0.789,0.086,0.0,0.0,0.69,0.11599999999999999,0.0,0.254,0.745,0.213,0.0,5.725,7,Cathaya argyrophylla_varimp.txt
bio_14,0.0,0.635,0.46799999999999997,0.0,0.0,0.713,0.264,0.0,0.0,0.769,0.46,0.015,0.0,0.597,0.385,0.0,0.0,0.6709999999999999,0.321,0.0,5.175,5,Cathaya argyrophylla_varimp.txt
bio_15,0.0,0.82,0.08199999999999999,0.324,0.61,0.87,0.023,0.261,0.0,0.823,0.017,0.147,0.307,0.882,0.12300000000000001,0.26,0.0,0.871,0.025,0.317,4.025,3,Cathaya argyrophylla_varimp.txt
DEM_ele,0.051,0.667,0.132,0.066,0.348,0.731,0.218,0.14,0.0,0.41600000000000004,0.134,0.055999999999999994,0.0,0.758,0.177,0.09300000000000001,0.273,0.757,0.20199999999999999,0.133,3.975,2,Cathaya argyrophylla_varimp.txt
DEM_aspect,0.0,0.149,0.005,0.0,0.0,0.276,0.024,0.0,0.0,0.309,0.040999999999999995,0.035,0.0,0.247,0.028999999999999998,0.0,0.046,0.158,0.037000000000000005,0.0,7.175,8,Cathaya argyrophylla_varimp.txt
DEM_slope,0.0,0.321,0.052000000000000005,0.0,0.0,0.39899999999999997,0.024,0.0,0.0,0.5489999999999999,0.032,0.0,0.0,0.41,0.016,0.0,0.0,0.335,0.021,0.0,7.375,9,Cathaya argyrophylla_varimp.txt
bio_1,0.0,0.89,0.151,0.44799999999999995,0.36200000000000004,0.843,0.13,0.052000000000000005,0.0,0.799,0.113,0.040999999999999995,0.0,0.8390000000000001,0.13699999999999998,0.009000000000000001,0.0,0.8109999999999999,0.183,0.002,3.375,2,Cephalotaxus mannii_varimp.txt
bio_2,0.0,0.845,0.027999999999999997,0.055,0.0,0.755,0.021,0.0,0.0,0.815,0.028999999999999998,0.16899999999999998,0.0,0.555,0.03,0.0,0.0,0.125,0.027999999999999997,0.0,6.0,6,Cephalotaxus mannii_varimp.txt
bio_7,0.604,0.8140000000000001,0.16899999999999998,0.213,0.794,0.748,0.245,0.89,0.907,0.927,0.11199999999999999,0.34600000000000003,0.955,0.8440000000000001,0.28600000000000003,0.966,0.882,0.9740000000000001,0.27,0.889,1.45,1,Cephalotaxus mannii_varimp.txt
bio_12,0.586,0.865,0.06,0.001,0.125,0.67,0.065,0.0,0.11199999999999999,0.914,0.141,0.017,0.0,0.813,0.13699999999999998,0.0,0.0,0.8170000000000001,0.231,0.022000000000000002,3.8,3,Cephalotaxus mannii_varimp.txt
bio_14,0.0,0.7490000000000001,0.124,0.0,0.0,0.607,0.125,0.0,0.0,0.75,0.161,0.0,0.0,0.665,0.061,0.0,0.0,0.741,0.21100000000000002,0.0,5.425,5,Cephalotaxus mannii_varimp.txt
bio_15,0.0,0.547,0.016,0.0,0.0,0.493,0.018000000000000002,0.0,0.0,0.687,0.024,0.0,0.0,0.49700000000000005,0.051,0.0,0.204,0.716,0.039,0.0,6.95,9,Cephalotaxus mannii_varimp.txt
DEM_ele,0.0,0.596,0.024,0.0,0.0,0.61,0.047,0.0,0.0,0.644,0.047,0.0,0.053,0.652,0.073,0.0,0.013999999999999999,0.597,0.064,0.0,6.05,7,Cephalotaxus mannii_varimp.txt
DEM_aspect,0.10400000000000001,0.22699999999999998,0.092,0.0,0.0,0.34,0.185,0.0,0.0,0.222,0.10800000000000001,0.0,0.0,0.389,0.055999999999999994,0.0,0.0,0.591,0.078,0.0,6.575,8,Cephalotaxus mannii_varimp.txt
DEM_slope,0.17800000000000002,0.28,0.025,0.0,0.14400000000000002,0.42200000000000004,0.019,0.013999999999999999,0.133,0.331,0.027999999999999997,0.006,0.27899999999999997,0.557,0.024,0.07,0.321,0.593,0.039,0.083,5.375,4,Cephalotaxus mannii_varimp.txt
bio_1,0.0,0.613,0.271,0.004,0.0,0.624,0.14400000000000002,0.027999999999999997,0.0,0.5670000000000001,0.225,0.08,0.0,0.613,0.24100000000000002,0.051,0.0,0.589,0.10800000000000001,0.006999999999999999,4.6,4,Cephalotaxus oliveri_varimp.txt
bio_2,0.937,0.583,0.242,0.8540000000000001,0.9690000000000001,0.6629999999999999,0.322,1.0,0.0,0.5589999999999999,0.205,0.8590000000000001,0.9590000000000001,0.521,0.297,0.951,0.0,0.785,0.139,0.932,2.675,1,Cephalotaxus oliveri_varimp.txt
bio_7,0.0,0.752,0.22699999999999998,0.0,0.01,0.721,0.08199999999999999,0.0,0.0,0.75,0.27399999999999997,0.09,0.0,0.818,0.136,0.0,0.0,0.98,0.156,0.003,4.375,3,Cephalotaxus oliveri_varimp.txt
bio_12,0.01,0.706,0.19699999999999998,0.0,0.0,0.682,0.17300000000000001,0.001,0.467,0.677,0.266,0.031,0.011000000000000001,0.66,0.20600000000000002,0.0,0.9990000000000001,0.736,0.21899999999999997,0.003,3.925,2,Cephalotaxus oliveri_varimp.txt
bio_14,0.009000000000000001,0.10099999999999999,0.21,0.003,0.0,0.055999999999999994,0.245,0.0,0.217,0.627,0.387,0.018000000000000002,0.0,0.653,0.23600000000000002,0.0,0.0,0.327,0.15,0.008,5.1,6,Cephalotaxus oliveri_varimp.txt
bio_15,0.0,0.539,0.061,0.187,0.0,0.451,0.11699999999999999,0.027000000000000003,0.0,0.47100000000000003,0.21100000000000002,0.021,0.0,0.531,0.12300000000000001,0.019,0.0,0.46,0.106,0.012,5.725,7,Cephalotaxus oliveri_varimp.txt
DEM_ele,0.006999999999999999,0.364,0.121,0.124,0.0,0.35600000000000004,0.235,0.043,0.0,0.48700000000000004,0.184,0.128,0.0,0.511,0.19899999999999998,0.128,0.0,0.682,0.08199999999999999,0.12,4.95,5,Cephalotaxus oliveri_varimp.txt
DEM_aspect,0.021,0.175,0.111,0.052000000000000005,0.0,0.218,0.05,0.021,0.0,0.205,0.094,0.036000000000000004,0.0,0.17600000000000002,0.11199999999999999,0.099,0.0,0.361,0.124,0.005,6.15,8,Cephalotaxus oliveri_varimp.txt
DEM_slope,0.0,0.086,0.025,0.0,0.004,0.084,0.032,0.004,0.0,0.109,0.026000000000000002,0.001,0.0,0.134,0.032,0.0,0.0,0.087,0.11199999999999999,0.006999999999999999,7.5,9,Cephalotaxus oliveri_varimp.txt
bio_1,0.061,0.187,0.34600000000000003,0.08900000000000001,0.033,0.2,0.376,0.098,0.066,0.17300000000000001,0.317,0.109,0.024,0.256,0.302,0.034,0.063,0.19399999999999998,0.373,0.131,4.1,3,Cephalotaxus sinensis_varimp.txt
bio_2,0.048,0.258,0.263,0.018000000000000002,0.005,0.084,0.31,0.042,0.10300000000000001,0.348,0.226,0.01,0.002,0.036000000000000004,0.349,0.002,0.037000000000000005,0.05,0.226,0.06,5.925,7,Cephalotaxus sinensis_varimp.txt
bio_7,0.687,0.659,0.43799999999999994,0.9590000000000001,0.528,0.8640000000000001,0.493,0.988,0.782,0.733,0.48700000000000004,0.975,0.486,0.544,0.41600000000000004,0.863,0.899,0.878,0.509,1.0,1.1,1,Cephalotaxus sinensis_varimp.txt
bio_12,0.015,0.059000000000000004,0.38,0.009000000000000001,0.237,0.065,0.418,0.128,0.008,0.087,0.36700000000000005,0.021,0.159,0.607,0.418,0.01,0.316,0.653,0.406,0.16,4.15,4,Cephalotaxus sinensis_varimp.txt
bio_14,0.046,0.06,0.326,0.071,0.045,0.057999999999999996,0.313,0.092,0.035,0.061,0.321,0.055999999999999994,0.003,0.053,0.32299999999999995,0.032,0.02,0.063,0.36200000000000004,0.078,5.475,6,Cephalotaxus sinensis_varimp.txt
bio_15,0.24,0.16399999999999998,0.21,0.27899999999999997,0.19699999999999998,0.136,0.221,0.271,0.126,0.042,0.21899999999999997,0.179,0.027000000000000003,0.08199999999999999,0.233,0.096,0.115,0.22899999999999998,0.214,0.268,4.45,5,Cephalotaxus sinensis_varimp.txt
DEM_ele,0.16399999999999998,0.086,0.23800000000000002,0.426,0.228,0.233,0.188,0.551,0.16899999999999998,0.131,0.205,0.51,0.382,0.23399999999999999,0.285,0.452,0.377,0.28,0.226,0.565,3.575,2,Cephalotaxus sinensis_varimp.txt
DEM_aspect,0.001,0.004,0.064,0.001,0.0,0.003,0.052000000000000005,0.0,0.001,0.005,0.038,0.013000000000000001,0.003,0.002,0.03,0.003,0.0,0.0,0.038,0.001,8.775,9,Cephalotaxus sinensis_varimp.txt
DEM_slope,0.023,0.018000000000000002,0.17,0.019,0.02,0.011000000000000001,0.086,0.026000000000000002,0.027000000000000003,0.024,0.129,0.009000000000000001,0.018000000000000002,0.023,0.12,0.012,0.04,0.043,0.162,0.067,7.45,8,Cephalotaxus sinensis_varimp.txt
bio_1,0.5489999999999999,,0.023,0.579,0.7859999999999999,0.512,0.013000000000000001,0.047,0.045,0.36200000000000004,0.005,0.233,0.0,0.47600000000000003,0.021,0.147,0.0,0.013999999999999999,0.008,0.262,4.725,4,Chamaecyparis formosensis_varimp.txt
bio_2,0.522,,0.071,0.657,0.607,0.226,0.027000000000000003,0.755,0.0,0.738,0.073,0.807,0.225,0.845,0.052000000000000005,0.68,0.809,0.7979999999999999,0.047,0.7040000000000001,3.15,2,Chamaecyparis formosensis_varimp.txt
bio_7,0.94,,0.049,0.988,0.757,0.9259999999999999,0.091,0.8170000000000001,0.05,0.773,0.08900000000000001,0.9109999999999999,0.509,0.449,0.1,0.9279999999999999,0.961,0.86,0.05,0.945,1.9,1,Chamaecyparis formosensis_varimp.txt
bio_12,0.897,,0.08,0.055999999999999994,0.9009999999999999,1.0,0.078,0.0,0.9359999999999999,0.973,0.049,0.016,0.0,0.97,0.053,0.002,0.0,0.941,0.11199999999999999,0.055,3.25,3,Chamaecyparis formosensis_varimp.txt
bio_14,0.040999999999999995,,0.042,0.001,0.132,0.21100000000000002,0.073,0.045,0.532,0.504,0.019,0.0,0.282,0.455,0.099,0.0,0.0,0.46299999999999997,0.017,0.0,5.575,5,Chamaecyparis formosensis_varimp.txt
bio_15,0.0,,0.004,0.046,0.581,0.611,0.005,0.11,0.568,0.722,0.003,0.012,0.0,0.629,0.003,0.083,0.003,0.643,0.003,0.0,5.7,6,Chamaecyparis formosensis_varimp.txt
DEM_ele,0.221,,0.011000000000000001,0.098,0.445,0.045,0.01,0.009000000000000001,0.0,0.425,0.008,0.0,0.0,0.36,0.022000000000000002,0.008,0.0,0.207,0.006,0.163,6.325,7,Chamaecyparis formosensis_varimp.txt
DEM_aspect,0.096,,0.002,0.013999999999999999,0.012,0.311,0.001,0.013000000000000001,0.0,0.233,0.002,0.001,0.055999999999999994,0.174,0.001,0.002,0.0,0.11900000000000001,0.003,0.033,7.475,9,Chamaecyparis formosensis_varimp.txt
DEM_slope,0.18899999999999997,,0.006,0.002,0.10400000000000001,0.239,0.012,0.11599999999999999,0.012,0.258,0.006999999999999999,0.0,0.0,0.128,0.009000000000000001,0.0,0.0,0.179,0.015,0.002,6.9,8,Chamaecyparis formosensis_varimp.txt
bio_1,0.0,0.89,0.19899999999999998,0.0,0.675,0.976,0.17300000000000001,0.506,0.609,0.885,0.161,0.505,0.746,,0.19,0.614,0.0,0.925,0.128,0.603,3.925,4,Chosenia arbutifolia_varimp.txt
bio_2,0.0,0.871,0.21899999999999997,0.0,0.0,0.95,0.588,0.294,0.9159999999999999,0.919,0.41,0.426,0.0,,0.193,0.17300000000000001,0.674,0.9570000000000001,0.33899999999999997,0.067,3.575,3,Chosenia arbutifolia_varimp.txt
bio_7,0.948,0.735,0.5379999999999999,1.0,0.0,0.9309999999999999,0.516,0.0,0.589,0.885,0.524,0.0,0.0,,0.517,0.0,0.7829999999999999,0.9309999999999999,0.34600000000000003,0.0,4.15,5,Chosenia arbutifolia_varimp.txt
bio_12,0.841,0.976,0.251,0.506,0.0,0.85,0.381,0.282,0.905,0.9,0.271,0.27899999999999997,0.0,,0.22699999999999998,0.23399999999999999,0.857,0.953,0.205,0.11599999999999999,3.425,2,Chosenia arbutifolia_varimp.txt
bio_14,0.0,0.968,0.11,0.0,0.0,0.978,0.073,0.005,0.0,0.975,0.091,0.0,0.0,,0.111,0.008,0.0,0.971,0.025,0.0,5.475,6,Chosenia arbutifolia_varimp.txt
bio_15,0.488,0.8590000000000001,0.046,0.0,0.0,0.619,0.022000000000000002,0.0,0.0,0.73,0.021,0.0,0.0,,0.038,0.0,0.0,0.8740000000000001,0.013000000000000001,0.0,6.95,8,Chosenia arbutifolia_varimp.txt
DEM_ele,0.0,0.8390000000000001,0.451,0.0,0.877,0.978,0.373,0.925,0.848,0.938,0.18600000000000003,0.904,0.519,,0.382,0.836,0.0,0.955,0.266,0.927,3.225,1,Chosenia arbutifolia_varimp.txt
DEM_aspect,0.0,0.726,0.001,0.0,0.0,0.488,0.002,0.0,0.0,0.6970000000000001,0.002,0.0,0.0,,0.006999999999999999,0.009000000000000001,0.222,0.813,0.002,0.0,7.525,9,Chosenia arbutifolia_varimp.txt
DEM_slope,0.24,0.061,0.12300000000000001,0.0,0.0,0.755,0.044000000000000004,0.0,0.0,0.37200000000000005,0.092,0.0,0.292,,0.065,0.028999999999999998,0.0,0.632,0.095,0.0,6.75,7,Chosenia arbutifolia_varimp.txt
bio_1,0.884,0.9990000000000001,0.214,0.0,0.226,0.8690000000000001,0.387,0.084,1.0,1.0,0.46799999999999997,0.51,0.48,0.8590000000000001,0.161,0.0,0.976,0.825,0.484,0.251,2.175,1,Cleidiocarpon cavaleriei_varimp.txt
bio_2,0.0,0.703,0.032,0.0,0.0,0.7759999999999999,0.258,0.0,0.3,0.75,0.28,0.0,0.6579999999999999,0.8009999999999999,0.107,0.004,0.0,0.7040000000000001,0.233,0.0,4.825,4,Cleidiocarpon cavaleriei_varimp.txt
bio_7,0.0,0.42700000000000005,0.23399999999999999,0.9620000000000001,0.0,0.8640000000000001,0.252,0.9670000000000001,0.0,0.878,0.27399999999999997,0.617,0.0,0.941,0.18100000000000002,0.9740000000000001,0.0,0.982,0.17600000000000002,0.778,3.575,2,Cleidiocarpon cavaleriei_varimp.txt
bio_12,0.264,0.645,0.061,0.0,0.995,0.845,0.083,0.0,0.159,0.772,0.11699999999999999,0.0,0.628,0.769,0.057999999999999996,0.0,0.0,0.875,0.094,0.0,4.55,3,Cleidiocarpon cavaleriei_varimp.txt
bio_14,0.243,0.621,0.08800000000000001,0.0,0.374,0.805,0.046,0.049,0.121,0.259,0.059000000000000004,0.0,0.23,0.5579999999999999,0.023,0.0,0.29100000000000004,0.716,0.043,0.0,5.45,6,Cleidiocarpon cavaleriei_varimp.txt
bio_15,0.07200000000000001,0.58,0.062,0.0,0.017,0.804,0.021,0.0,0.079,0.545,0.054000000000000006,0.0,0.011000000000000001,0.7190000000000001,0.091,0.0,0.09699999999999999,0.85,0.064,0.0,5.9,8,Cleidiocarpon cavaleriei_varimp.txt
DEM_ele,0.182,0.836,0.07200000000000001,0.0,0.075,0.742,0.11199999999999999,0.0,0.493,0.527,0.10800000000000001,0.0,0.293,0.62,0.025,0.0,0.29100000000000004,0.764,0.08800000000000001,0.0,5.025,5,Cleidiocarpon cavaleriei_varimp.txt
DEM_aspect,0.031,0.38,0.008,0.0,0.0,0.625,0.01,0.0,0.003,0.314,0.003,0.0,0.0,0.27,0.018000000000000002,0.0,0.266,0.262,0.009000000000000001,0.0,7.7,9,Cleidiocarpon cavaleriei_varimp.txt
DEM_slope,0.626,0.621,0.034,0.41100000000000003,0.0,0.579,0.043,0.028999999999999998,0.259,0.513,0.023,0.0,0.465,0.474,0.016,0.256,0.23199999999999998,0.525,0.012,0.013999999999999999,5.8,7,Cleidiocarpon cavaleriei_varimp.txt
bio_1,0.7,0.49200000000000005,0.272,0.001,0.428,0.405,0.12300000000000001,0.085,0.708,0.825,0.32299999999999995,0.053,0.767,0.65,0.33399999999999996,0.004,0.0,0.7140000000000001,0.324,0.006,4.075,3,Cupressus duclouxiana_varimp.txt
bio_2,0.36,0.325,0.54,0.51,0.342,0.40700000000000003,0.48700000000000004,0.565,0.204,0.2,0.303,0.396,0.124,0.159,0.48200000000000004,0.48,0.0,0.311,0.507,0.501,3.375,2,Cupressus duclouxiana_varimp.txt
bio_7,0.628,0.8859999999999999,0.737,1.0,0.8,0.904,0.718,1.0,0.782,0.642,0.693,1.0,0.19399999999999998,0.862,0.695,1.0,0.0,0.738,0.747,1.0,1.525,1,Cupressus duclouxiana_varimp.txt
bio_12,0.017,0.055999999999999994,0.379,0.214,0.35,0.205,0.319,0.022000000000000002,0.005,0.233,0.313,0.057,0.14300000000000002,0.023,0.33299999999999996,0.078,0.995,0.245,0.31,0.10300000000000001,5.425,5,Cupressus duclouxiana_varimp.txt
bio_14,0.03,0.11699999999999999,0.053,0.023,0.479,0.205,0.051,0.11199999999999999,0.079,0.223,0.086,0.096,0.433,0.107,0.079,0.201,0.0,0.315,0.075,0.08800000000000001,5.6,6,Cupressus duclouxiana_varimp.txt
bio_15,0.149,0.19,0.040999999999999995,0.071,0.298,0.215,0.071,0.185,0.11199999999999999,0.155,0.22,0.063,0.23800000000000002,0.105,0.11900000000000001,0.19699999999999998,0.0,0.151,0.091,0.10400000000000001,5.625,7,Cupressus duclouxiana_varimp.txt
DEM_ele,0.21600000000000003,0.10099999999999999,0.215,0.442,0.14300000000000002,0.124,0.312,0.465,0.14300000000000002,0.27,0.40299999999999997,0.475,0.732,0.469,0.43799999999999994,0.391,0.0,0.12300000000000001,0.306,0.48700000000000004,4.175,4,Cupressus duclouxiana_varimp.txt
DEM_aspect,0.039,0.079,0.019,0.006,0.0,0.001,0.027999999999999997,0.004,0.027000000000000003,0.039,0.051,0.001,0.087,0.08199999999999999,0.025,0.003,0.0,0.057,0.037000000000000005,0.0,8.25,9,Cupressus duclouxiana_varimp.txt
DEM_slope,0.021,0.039,0.349,0.006,0.005,0.07,0.34600000000000003,0.006,0.039,0.032,0.276,0.025,0.054000000000000006,0.166,0.324,0.027999999999999997,0.0,0.027000000000000003,0.248,0.013000000000000001,6.95,8,Cupressus duclouxiana_varimp.txt
bio_1,0.0,,0.23,0.0,0.0,0.7090000000000001,0.185,0.0,0.0,0.7240000000000001,0.21100000000000002,0.0,0.046,,0.132,0.0,0.0,0.741,0.215,0.0,4.675,4,Cupressus torulosa_varimp.txt
bio_2,0.32899999999999996,,0.544,0.177,0.0,0.655,0.616,0.017,0.0,0.8440000000000001,0.615,0.263,0.0,,0.652,0.0,0.0,0.816,0.141,0.09,3.375,2,Cupressus torulosa_varimp.txt
bio_7,1.0,,0.8320000000000001,1.0,0.977,1.0,0.7829999999999999,1.0,0.9940000000000001,0.9840000000000001,0.826,1.0,0.9990000000000001,,0.8140000000000001,0.981,0.0,1.0,0.82,0.99,1.45,1,Cupressus torulosa_varimp.txt
bio_12,0.0,,0.513,0.0,0.0,0.7040000000000001,0.517,0.0,0.0,0.53,0.514,0.0,0.0,,0.374,0.0,0.0,0.655,0.183,0.009000000000000001,4.95,5,Cupressus torulosa_varimp.txt
bio_14,0.163,,0.66,0.0,0.0,0.259,0.401,0.0,0.0,0.524,0.64,0.0,0.573,,0.473,0.599,0.0,0.484,0.517,0.0,4.65,3,Cupressus torulosa_varimp.txt
bio_15,0.0,,0.068,0.0,0.0,0.439,0.055999999999999994,0.0,0.0,0.657,0.066,0.0,0.0,,0.12300000000000001,0.0,0.0,0.11,0.10400000000000001,0.0,6.6,8,Cupressus torulosa_varimp.txt
DEM_ele,0.0,,0.11,0.0,0.042,0.528,0.177,0.011000000000000001,0.0,0.37200000000000005,0.083,0.0,0.0,,0.304,0.0,0.0,0.7090000000000001,0.11199999999999999,0.0,5.675,6,Cupressus torulosa_varimp.txt
DEM_aspect,0.0,,0.016,0.0,0.0,0.239,0.025,0.0,0.0,0.226,0.027000000000000003,0.0,0.0,,0.026000000000000002,0.0,0.044000000000000004,0.22699999999999998,0.024,0.0,7.25,9,Cupressus torulosa_varimp.txt
DEM_slope,0.0,,0.09699999999999999,0.0,0.0,0.47200000000000003,0.040999999999999995,0.0,0.0,0.321,0.07200000000000001,0.0,0.0,,0.145,0.0,0.9590000000000001,0.319,0.10300000000000001,0.09,6.375,7,Cupressus torulosa_varimp.txt
bio_1,0.997,0.93,0.373,0.0,0.389,,0.198,0.0,0.732,0.9209999999999999,0.33299999999999996,0.0,0.0,0.7490000000000001,0.183,0.027999999999999997,0.98,,0.125,0.121,3.225,2,Dacrycarpus imbricatus_varimp.txt
bio_2,0.0,0.851,0.09300000000000001,0.198,0.833,,0.085,0.026000000000000002,0.0,1.0,0.09,0.462,0.0,0.905,0.068,0.406,0.0,,0.096,0.615,3.775,3,Dacrycarpus imbricatus_varimp.txt
bio_7,0.0,0.902,0.222,0.774,0.853,,0.298,1.0,0.0,0.9359999999999999,0.281,0.705,0.0,0.809,0.444,0.129,0.0,,0.335,0.125,2.9,1,Dacrycarpus imbricatus_varimp.txt
bio_12,0.0,0.946,0.242,0.0,0.0,,0.138,0.047,0.0,0.8009999999999999,0.177,0.005,1.0,0.94,0.469,0.065,0.0,,0.122,0.001,3.85,4,Dacrycarpus imbricatus_varimp.txt
bio_14,0.0,0.5720000000000001,0.09300000000000001,0.0,0.0,,0.06,0.0,0.0,0.7020000000000001,0.081,0.0,0.0,0.753,0.188,0.0,0.0,,0.124,0.0,5.975,6,Dacrycarpus imbricatus_varimp.txt
bio_15,0.0,0.8340000000000001,0.024,0.0,0.222,,0.02,0.0,0.0,0.794,0.022000000000000002,0.0,0.079,0.732,0.039,0.0,0.0,,0.043,0.0,6.275,7,Dacrycarpus imbricatus_varimp.txt
DEM_ele,0.019,0.253,0.16899999999999998,0.0,0.46399999999999997,,0.237,0.0,0.32,0.598,0.09699999999999999,0.0,0.008,0.451,0.095,0.0,0.0,,0.043,0.0,5.575,5,Dacrycarpus imbricatus_varimp.txt
DEM_aspect,0.024,0.33899999999999997,0.005,0.0,0.43700000000000006,,0.001,0.003,0.067,0.47600000000000003,0.003,0.0,0.0,0.386,0.02,0.0,0.005,,0.023,0.001,6.65,8,Dacrycarpus imbricatus_varimp.txt
DEM_slope,0.033,0.479,0.002,0.036000000000000004,0.09300000000000001,,0.008,0.0,0.035,0.005,0.008,0.0,0.0,0.396,0.036000000000000004,0.0,0.032,,0.028999999999999998,0.0,6.775,9,Dacrycarpus imbricatus_varimp.txt
bio_1,0.529,0.915,0.313,0.0,0.419,0.9520000000000001,0.127,0.0,0.295,0.856,0.259,0.307,1.0,0.7490000000000001,0.235,0.235,0.633,0.9490000000000001,0.151,0.133,3.275,2,Dacrydium pectinatum_varimp.txt
bio_2,0.0,0.78,0.133,0.078,0.851,0.9390000000000001,0.087,0.8079999999999999,0.0,0.904,0.026000000000000002,0.8170000000000001,0.0,0.537,0.128,0.524,0.0,0.855,0.10099999999999999,0.506,4.025,3,Dacrydium pectinatum_varimp.txt
bio_7,0.0,0.8190000000000001,0.31,0.659,1.0,1.0,0.49,1.0,1.0,1.0,0.366,1.0,0.0,0.991,0.33799999999999997,0.17800000000000002,0.0,0.96,0.426,0.41600000000000004,2.2,1,Dacrydium pectinatum_varimp.txt
bio_12,0.0,0.982,0.091,0.0,0.0,0.892,0.008,0.496,0.0,0.841,0.018000000000000002,0.545,0.0,0.971,0.062,0.0,0.0,0.9640000000000001,0.04,0.003,4.7,4,Dacrydium pectinatum_varimp.txt
bio_14,0.0,0.8190000000000001,0.036000000000000004,0.0,0.628,0.506,0.017,0.0,0.423,0.14,0.008,0.038,0.0,0.9079999999999999,0.075,0.0,0.0,0.96,0.03,0.0,5.35,6,Dacrydium pectinatum_varimp.txt
bio_15,0.0,0.8079999999999999,0.006,0.0,0.0,0.977,0.001,0.0,0.0,0.899,0.002,0.0,0.0,0.828,0.005,0.0,0.0,0.878,0.004,0.0,6.675,8,Dacrydium pectinatum_varimp.txt
DEM_ele,0.7240000000000001,0.973,0.011000000000000001,0.546,0.0,0.9940000000000001,0.006,0.0,0.0,0.9740000000000001,0.005,0.0,0.0,0.8340000000000001,0.008,0.0,0.514,0.585,0.004,0.004,5.1,5,Dacrydium pectinatum_varimp.txt
DEM_aspect,0.0,0.6940000000000001,0.021,0.0,0.0,0.0,0.005,0.0,0.0,0.094,0.002,0.183,0.0,0.585,0.026000000000000002,0.0,0.0,0.39399999999999996,0.01,0.0,7.0,9,Dacrydium pectinatum_varimp.txt
DEM_slope,0.557,0.662,0.003,0.038,0.0,0.532,0.004,0.0,0.0,0.282,0.008,0.187,0.0,0.578,0.006999999999999999,0.0,0.0,0.361,0.01,0.0,6.675,8,Dacrydium pectinatum_varimp.txt
bio_1,0.47200000000000003,0.10300000000000001,0.527,0.531,0.14300000000000002,0.11699999999999999,0.374,0.214,0.115,0.054000000000000006,0.535,0.342,0.158,0.053,0.491,0.428,0.0,0.035,0.375,0.361,3.175,3,Dalbergia assamica_varimp.txt
bio_2,0.008,0.171,0.401,0.115,0.005,0.22,0.273,0.057,0.027000000000000003,0.145,0.34600000000000003,0.122,0.021,0.20199999999999999,0.348,0.12300000000000001,0.08,0.09,0.32,0.08900000000000001,4.275,4,Dalbergia assamica_varimp.txt
bio_7,0.018000000000000002,0.254,0.32799999999999996,0.18600000000000003,0.0,0.365,0.25,0.263,0.154,0.6729999999999999,0.33299999999999996,0.38299999999999995,0.05,0.627,0.29100000000000004,0.35700000000000004,0.521,0.5920000000000001,0.266,0.33899999999999997,3.05,2,Dalbergia assamica_varimp.txt
bio_12,0.619,0.41100000000000003,0.5660000000000001,0.366,0.57,0.33,0.514,0.41700000000000004,0.163,0.08800000000000001,0.44,0.251,0.348,0.21899999999999997,0.42200000000000004,0.26899999999999996,0.599,0.557,0.314,0.337,2.0,1,Dalbergia assamica_varimp.txt
bio_14,0.008,0.027999999999999997,0.077,0.017,0.002,0.006,0.08,0.011000000000000001,0.062,0.031,0.075,0.08199999999999999,0.009000000000000001,0.02,0.08800000000000001,0.015,0.023,0.012,0.069,0.07200000000000001,6.95,7,Dalbergia assamica_varimp.txt
bio_15,0.24600000000000002,0.256,0.086,0.006,0.20800000000000002,0.209,0.069,0.027000000000000003,0.19399999999999998,0.19699999999999998,0.075,0.012,0.243,0.24,0.075,0.01,0.317,0.332,0.071,0.013999999999999999,4.725,5,Dalbergia assamica_varimp.txt
DEM_ele,0.073,0.064,0.157,0.002,0.033,0.066,0.115,0.005,0.026000000000000002,0.24,0.135,0.037000000000000005,0.024,0.11900000000000001,0.095,0.0,0.07200000000000001,0.10400000000000001,0.11800000000000001,0.0,5.75,6,Dalbergia assamica_varimp.txt
DEM_aspect,0.03,0.013999999999999999,0.040999999999999995,0.009000000000000001,0.03,0.021,0.031,0.02,0.016,0.013000000000000001,0.051,0.0,0.023,0.027999999999999997,0.043,0.013000000000000001,0.016,0.011000000000000001,0.039,0.008,7.45,8,Dalbergia assamica_varimp.txt
DEM_slope,0.004,0.012,0.124,0.001,0.006,0.026000000000000002,0.133,0.002,0.0,0.004,0.1,0.002,0.013999999999999999,0.024,0.133,0.002,0.0,0.004,0.11,0.002,7.625,9,Dalbergia assamica_varimp.txt
bio_1,0.013999999999999999,0.847,0.253,0.036000000000000004,0.0,0.632,0.23399999999999999,0.026000000000000002,0.0,0.898,0.402,0.5870000000000001,0.0,0.682,0.359,0.268,0.0,0.902,0.5429999999999999,0.262,4.5,3,Dalbergia cultrata_varimp.txt
bio_2,0.467,0.898,0.611,0.298,0.5,0.42200000000000004,0.433,0.247,0.733,0.904,0.649,0.718,0.504,0.43,0.62,0.397,0.741,0.8640000000000001,0.555,0.499,2.65,2,Dalbergia cultrata_varimp.txt
bio_7,1.0,0.998,0.605,1.0,1.0,0.965,0.562,1.0,1.0,0.997,0.557,0.9570000000000001,0.902,0.927,0.617,0.997,1.0,1.0,0.563,1.0,1.25,1,Dalbergia cultrata_varimp.txt
bio_12,0.0,0.743,0.521,0.0,0.0,0.07200000000000001,0.402,0.0,0.0,0.7879999999999999,0.479,0.07400000000000001,0.7190000000000001,0.703,0.527,0.016,0.0,0.835,0.23800000000000002,0.0,5.55,6,Dalbergia cultrata_varimp.txt
bio_14,0.0,0.924,0.162,0.0,0.001,0.862,0.102,0.0,0.0,0.8420000000000001,0.045,0.012,0.0,0.982,0.098,0.0,0.002,0.975,0.1,0.013999999999999999,5.3,4,Dalbergia cultrata_varimp.txt
bio_15,0.0,0.787,0.024,0.036000000000000004,0.0,0.919,0.059000000000000004,0.048,0.292,0.845,0.021,0.0,0.0,0.6709999999999999,0.028999999999999998,0.009000000000000001,0.331,0.836,0.07,0.10300000000000001,5.4,5,Dalbergia cultrata_varimp.txt
DEM_ele,0.0,0.977,0.33299999999999996,0.0,0.0,0.858,0.294,0.0,0.0,0.727,0.222,0.0,0.08199999999999999,0.9359999999999999,0.344,0.0,0.0,0.513,0.341,0.0,5.725,7,Dalbergia cultrata_varimp.txt
DEM_aspect,0.0,0.858,0.011000000000000001,0.0,0.0,0.45799999999999996,0.02,0.016,0.001,0.59,0.002,0.0,0.0,0.545,0.002,0.0,0.0,0.365,0.027999999999999997,0.009000000000000001,7.2,8,Dalbergia cultrata_varimp.txt
DEM_slope,0.0,0.56,0.008,0.026000000000000002,0.0,0.278,0.024,0.002,0.0,0.426,0.011000000000000001,0.0,0.0,0.203,0.008,0.003,0.0,0.439,0.015,0.022000000000000002,7.425,9,Dalbergia cultrata_varimp.txt
bio_1,0.187,0.943,0.261,1.0,0.25,0.941,0.268,0.25,1.0,0.943,0.27899999999999997,1.0,1.0,0.941,0.218,1.0,0.992,0.941,0.239,0.0,2.425,2,Dalbergia hainanensis_varimp.txt
bio_2,0.0,0.857,0.006,0.503,0.0,0.846,0.01,0.0,0.0,0.616,0.005,0.46799999999999997,0.8740000000000001,0.9159999999999999,0.008,0.426,0.0,0.737,0.012,0.81,5.35,5,Dalbergia hainanensis_varimp.txt
bio_7,1.0,1.0,0.18100000000000002,1.0,1.0,1.0,0.248,1.0,0.0,1.0,0.188,1.0,0.0,1.0,0.28,1.0,0.773,1.0,0.235,1.0,1.925,1,Dalbergia hainanensis_varimp.txt
bio_12,0.9329999999999999,0.777,0.012,0.0,0.6459999999999999,0.9159999999999999,0.019,0.5329999999999999,0.789,0.861,0.016,0.617,0.852,0.865,0.015,0.598,0.87,0.843,0.019,0.674,3.575,3,Dalbergia hainanensis_varimp.txt
bio_14,0.0,0.099,0.008,0.0,0.0,0.9520000000000001,0.005,0.111,0.0,0.784,0.008,0.0,0.0,0.17800000000000002,0.017,0.0,0.0,0.665,0.006,0.0,6.475,6,Dalbergia hainanensis_varimp.txt
bio_15,0.0,0.823,0.001,0.597,0.0,0.33799999999999997,0.0,0.319,0.0,0.642,0.001,0.0,0.0,0.8340000000000001,0.001,0.0,0.0,0.127,0.0,0.184,6.65,8,Dalbergia hainanensis_varimp.txt
DEM_ele,0.0,0.995,0.01,0.318,0.0,0.992,0.013000000000000001,0.316,0.0,0.9940000000000001,0.011000000000000001,0.435,0.0,0.992,0.01,0.263,0.0,0.996,0.006999999999999999,0.0,4.6,4,Dalbergia hainanensis_varimp.txt
DEM_aspect,0.0,0.136,0.0,0.254,0.0,0.052000000000000005,0.0,0.0,0.42200000000000004,0.316,0.0,0.0,0.0,0.337,0.0,0.2,0.0,0.06,0.0,0.08,7.45,9,Dalbergia hainanensis_varimp.txt
DEM_slope,0.0,0.7929999999999999,0.006,0.166,0.0,0.6579999999999999,0.013000000000000001,0.094,0.0,0.6629999999999999,0.004,0.0,0.0,0.415,0.003,0.0,0.0,0.7659999999999999,0.002,0.054000000000000006,6.55,7,Dalbergia hainanensis_varimp.txt
bio_1,0.9940000000000001,0.892,0.679,0.9670000000000001,0.8690000000000001,0.804,0.647,0.975,0.0,0.983,0.6779999999999999,0.912,1.0,0.75,0.521,0.98,1.0,0.516,0.743,0.9490000000000001,1.925,1,Dalbergia obtusifolia_varimp.txt
bio_2,0.0,0.528,0.536,0.212,0.552,0.555,0.53,0.268,0.546,0.5820000000000001,0.47,0.166,0.0,0.627,0.525,0.235,0.21100000000000002,0.7190000000000001,0.5539999999999999,0.401,4.1,4,Dalbergia obtusifolia_varimp.txt
bio_7,0.0,0.9890000000000001,0.35600000000000004,0.536,0.9259999999999999,0.924,0.433,0.445,1.0,0.821,0.34600000000000003,0.569,0.349,0.754,0.36,0.374,0.7959999999999999,1.0,0.418,0.7070000000000001,2.65,2,Dalbergia obtusifolia_varimp.txt
bio_12,0.45299999999999996,0.696,0.40700000000000003,0.0,0.475,0.42200000000000004,0.34700000000000003,0.0,0.0,0.804,0.39299999999999996,0.0,0.503,0.972,0.504,0.0,0.281,0.774,0.439,0.0,4.8,5,Dalbergia obtusifolia_varimp.txt
bio_14,0.828,0.731,0.07200000000000001,0.0,0.7140000000000001,0.755,0.069,0.0,0.0,0.534,0.023,0.0,0.16699999999999998,0.493,0.155,0.0,0.0,0.731,0.092,0.0,6.075,6,Dalbergia obtusifolia_varimp.txt
bio_15,0.706,0.794,0.318,0.06,0.647,0.6779999999999999,0.19,0.01,0.0,0.8240000000000001,0.251,0.083,0.667,0.8270000000000001,0.23399999999999999,0.087,0.32899999999999996,0.72,0.264,0.012,3.975,3,Dalbergia obtusifolia_varimp.txt
DEM_ele,0.0,0.38,0.055,0.0,0.58,0.498,0.134,0.0,0.752,0.491,0.052000000000000005,0.0,0.0,0.693,0.053,0.0,0.0,0.851,0.125,0.0,6.3,7,Dalbergia obtusifolia_varimp.txt
DEM_aspect,0.0,0.34600000000000003,0.011000000000000001,0.0,0.207,0.198,0.016,0.002,0.0,0.34600000000000003,0.009000000000000001,0.0,0.0,0.578,0.001,0.0,0.0,0.32299999999999995,0.003,0.0,7.925,9,Dalbergia obtusifolia_varimp.txt
DEM_slope,0.0,0.57,0.018000000000000002,0.0,0.0,0.2,0.016,0.0,0.0,0.5770000000000001,0.034,0.0,0.34,0.621,0.027000000000000003,0.0,0.0,0.39899999999999997,0.011000000000000001,0.0,7.25,8,Dalbergia obtusifolia_varimp.txt
bio_1,0.97,0.573,0.201,0.354,0.861,0.9059999999999999,0.39899999999999997,0.9990000000000001,0.079,0.377,0.355,0.976,0.9790000000000001,0.622,0.155,0.862,0.878,,0.359,0.7879999999999999,2.45,1,Dalbergia odorifera_varimp.txt
bio_2,0.35100000000000003,0.795,0.013000000000000001,0.0,0.293,0.736,0.324,0.0,0.561,0.701,0.318,0.0,0.45399999999999996,0.73,0.027999999999999997,0.177,0.242,,0.114,0.0,4.575,4,Dalbergia odorifera_varimp.txt
bio_7,0.606,0.7020000000000001,0.377,0.74,0.28300000000000003,0.941,0.377,0.0,0.85,0.81,0.35,0.036000000000000004,0.361,0.652,0.46799999999999997,0.008,0.47600000000000003,,0.401,0.696,2.675,2,Dalbergia odorifera_varimp.txt
bio_12,0.927,0.718,0.055999999999999994,0.0,0.0,0.775,0.373,0.0,0.45899999999999996,0.6559999999999999,0.318,0.0,0.0,0.878,0.10300000000000001,0.0,0.20800000000000002,,0.084,0.001,4.7,5,Dalbergia odorifera_varimp.txt
bio_14,0.0,0.51,0.013000000000000001,0.0,0.0,0.517,0.078,0.0,0.764,0.272,0.019,0.0,0.0,0.758,0.087,0.0,0.0,,0.022000000000000002,0.0,6.325,7,Dalbergia odorifera_varimp.txt
bio_15,0.289,0.787,0.019,0.0,0.478,0.5329999999999999,0.040999999999999995,0.0,0.364,0.644,0.016,0.0,0.0,0.7390000000000001,0.032,0.0,0.473,,0.004,0.0,5.975,6,Dalbergia odorifera_varimp.txt
DEM_ele,0.484,0.8059999999999999,0.031,0.41,0.603,0.775,0.033,0.0,0.695,0.8270000000000001,0.027999999999999997,0.0,0.47700000000000004,0.743,0.017,0.0,0.585,,0.017,0.0,4.5,3,Dalbergia odorifera_varimp.txt
DEM_aspect,0.292,0.313,0.001,0.002,0.013999999999999999,0.040999999999999995,0.008,0.0,0.0,0.151,0.001,0.0,0.032,0.09300000000000001,0.005,0.0,0.213,,0.001,0.01,7.375,9,Dalbergia odorifera_varimp.txt
DEM_slope,0.264,0.301,0.045,0.0,0.040999999999999995,0.207,0.07200000000000001,0.0,0.221,0.2,0.052000000000000005,0.0,0.017,0.423,0.08,0.001,0.268,,0.026000000000000002,0.0,6.425,8,Dalbergia odorifera_varimp.txt
bio_1,0.8140000000000001,0.8440000000000001,0.139,0.0,0.7559999999999999,0.745,0.09300000000000001,0.0,0.314,0.81,0.275,0.0,0.745,0.8859999999999999,0.027000000000000003,0.0,0.614,0.18899999999999997,0.138,0.0,5.0,5,Dillenia indica_varimp.txt
bio_2,0.7240000000000001,0.424,0.373,0.012,0.727,0.7290000000000001,0.14800000000000002,0.11199999999999999,0.49700000000000005,0.7440000000000001,0.38299999999999995,0.23199999999999998,0.0,0.539,0.018000000000000002,0.35,0.65,0.8029999999999999,0.311,0.126,4.15,2,Dillenia indica_varimp.txt
bio_7,1.0,0.919,0.498,0.973,1.0,0.9890000000000001,0.37200000000000005,0.98,0.6970000000000001,0.946,0.527,0.9990000000000001,1.0,0.997,0.284,0.81,1.0,0.948,0.442,1.0,1.1,1,Dillenia indica_varimp.txt
bio_12,0.534,0.888,0.275,0.006,0.516,0.792,0.068,0.018000000000000002,0.956,0.6659999999999999,0.23,0.10300000000000001,0.345,0.632,0.027999999999999997,0.0,0.247,0.98,0.17,0.015,4.55,3,Dillenia indica_varimp.txt
bio_14,0.48100000000000004,0.8009999999999999,0.11599999999999999,0.009000000000000001,0.01,0.728,0.289,0.055,0.10300000000000001,0.677,0.122,0.0,0.33,0.265,0.152,0.732,0.307,0.735,0.16,0.006999999999999999,5.625,6,Dillenia indica_varimp.txt
bio_15,0.541,0.802,0.066,0.0,0.326,0.852,0.037000000000000005,0.0,0.193,0.62,0.027999999999999997,0.003,0.316,0.633,0.065,0.0,0.321,0.7859999999999999,0.053,0.0,5.925,7,Dillenia indica_varimp.txt
DEM_ele,0.8420000000000001,0.645,0.026000000000000002,0.115,0.914,0.725,0.019,0.188,0.11900000000000001,0.46799999999999997,0.07400000000000001,0.14,0.722,0.9309999999999999,0.008,0.205,0.794,0.387,0.032,0.15,4.8,4,Dillenia indica_varimp.txt
DEM_aspect,0.322,0.428,0.006999999999999999,0.125,0.0,0.28300000000000003,0.004,0.15,0.17600000000000002,0.225,0.009000000000000001,0.045,0.385,0.491,0.002,0.41700000000000004,0.282,0.22,0.008,0.044000000000000004,6.85,8,Dillenia indica_varimp.txt
DEM_slope,0.175,0.561,0.015,0.019,0.209,0.028999999999999998,0.003,0.081,0.249,0.11,0.039,0.07,0.203,0.58,0.011000000000000001,0.209,0.153,0.38,0.018000000000000002,0.008,7.0,9,Dillenia indica_varimp.txt
bio_1,0.0,0.773,0.376,0.003,0.0,0.873,0.31,0.094,0.855,0.6759999999999999,0.616,0.9620000000000001,0.0,0.478,0.516,0.5329999999999999,0.0,0.784,0.257,0.15,4.675,4,Elaeocarpus austroyunnanensis_varimp.txt
bio_2,0.531,0.895,0.635,0.518,0.502,0.885,0.57,0.475,0.9,0.958,0.613,0.89,0.735,0.7759999999999999,0.612,0.5579999999999999,0.0,0.82,0.586,0.48100000000000004,2.65,2,Elaeocarpus austroyunnanensis_varimp.txt
bio_7,1.0,1.0,0.61,1.0,1.0,1.0,0.581,1.0,0.985,0.996,0.41600000000000004,0.924,0.7509999999999999,0.9109999999999999,0.61,0.925,1.0,0.992,0.7140000000000001,0.991,1.45,1,Elaeocarpus austroyunnanensis_varimp.txt
bio_12,0.184,0.9520000000000001,0.523,0.105,0.0,0.917,0.536,0.22699999999999998,0.0,0.9640000000000001,0.444,0.237,0.41100000000000003,0.9229999999999999,0.5720000000000001,0.273,0.0,0.85,0.48100000000000004,0.19699999999999998,3.65,3,Elaeocarpus austroyunnanensis_varimp.txt
bio_14,0.0,0.9690000000000001,0.13699999999999998,0.0,0.012,0.894,0.163,0.006,0.228,0.435,0.08199999999999999,0.015,0.9540000000000001,0.4,0.10400000000000001,0.022000000000000002,0.0,0.573,0.08,0.003,5.5,5,Elaeocarpus austroyunnanensis_varimp.txt
bio_15,0.0,0.895,0.017,0.0,0.0,0.799,0.015,0.002,0.0,0.802,0.01,0.725,0.8290000000000001,0.682,0.008,0.177,0.34,0.69,0.013000000000000001,0.0,6.075,6,Elaeocarpus austroyunnanensis_varimp.txt
DEM_ele,0.0,0.518,0.184,0.11699999999999999,0.223,0.659,0.149,0.0,0.337,0.9229999999999999,0.20199999999999999,0.0,0.0,0.373,0.155,0.0,0.0,0.693,0.11900000000000001,0.0,6.1,7,Elaeocarpus austroyunnanensis_varimp.txt
DEM_aspect,0.0,0.433,0.012,0.0,0.0,0.466,0.021,0.0,0.0,0.258,0.008,0.0,0.09300000000000001,0.6609999999999999,0.011000000000000001,0.0,0.0,0.512,0.01,0.0,7.7,9,Elaeocarpus austroyunnanensis_varimp.txt
DEM_slope,0.0,0.564,0.008,0.027000000000000003,0.0,0.272,0.006999999999999999,0.047,0.0,0.308,0.013000000000000001,0.0,0.235,0.11699999999999999,0.02,0.0,0.221,0.483,0.004,0.049,7.2,8,Elaeocarpus austroyunnanensis_varimp.txt
bio_1,0.109,0.883,0.317,0.183,0.05,0.748,0.29,0.003,0.289,0.8809999999999999,0.27699999999999997,0.49700000000000005,0.003,0.33899999999999997,0.335,0.07,0.687,0.9009999999999999,0.28300000000000003,0.214,2.3,2,Elaeocarpus nitentifolius_varimp.txt
bio_2,0.509,0.807,0.07400000000000001,0.361,0.604,0.6629999999999999,0.068,0.237,0.515,0.7190000000000001,0.042,0.054000000000000006,0.579,0.9109999999999999,0.057,0.33799999999999997,0.629,0.87,0.043,0.19399999999999998,3.15,3,Elaeocarpus nitentifolius_varimp.txt
bio_7,0.693,0.5329999999999999,0.147,0.506,0.573,0.672,0.155,0.7,0.794,0.638,0.154,0.511,0.715,0.685,0.212,0.6629999999999999,0.67,0.616,0.086,0.602,2.1,1,Elaeocarpus nitentifolius_varimp.txt
bio_12,0.5489999999999999,0.564,0.16,0.001,0.018000000000000002,0.591,0.161,0.0,0.016,0.526,0.113,0.0,0.0,0.14300000000000002,0.272,0.01,0.018000000000000002,0.555,0.081,0.0,5.15,4,Elaeocarpus nitentifolius_varimp.txt
bio_14,0.0,0.444,0.059000000000000004,0.002,0.0,0.5870000000000001,0.10400000000000001,0.03,0.0,0.625,0.065,0.040999999999999995,0.0,0.669,0.046,0.001,0.0,0.254,0.152,0.062,5.9,5,Elaeocarpus nitentifolius_varimp.txt
bio_15,0.061,0.36200000000000004,0.087,0.0,0.0,0.451,0.069,0.0,0.077,0.337,0.033,0.0,0.061,0.311,0.079,0.0,0.469,0.6970000000000001,0.025,0.039,6.125,7,Elaeocarpus nitentifolius_varimp.txt
DEM_ele,0.201,0.47100000000000003,0.08,0.013000000000000001,0.004,0.474,0.069,0.113,0.155,0.49700000000000005,0.04,0.0,0.0,0.311,0.038,0.0,0.221,0.541,0.141,0.0,5.925,6,Elaeocarpus nitentifolius_varimp.txt
DEM_aspect,0.043,0.138,0.027000000000000003,0.026000000000000002,0.024,0.226,0.037000000000000005,0.0,0.022000000000000002,0.17,0.054000000000000006,0.0,0.039,0.125,0.045,0.002,0.012,0.165,0.024,0.013999999999999999,6.975,8,Elaeocarpus nitentifolius_varimp.txt
DEM_slope,0.006999999999999999,0.16899999999999998,0.018000000000000002,0.037000000000000005,0.02,0.07200000000000001,0.021,0.069,0.0,0.08,0.024,0.031,0.002,0.078,0.026000000000000002,0.005,0.015,0.18600000000000003,0.01,0.011000000000000001,7.375,9,Elaeocarpus nitentifolius_varimp.txt
bio_1,0.9,0.9690000000000001,0.508,0.934,1.0,0.77,0.47200000000000003,0.93,0.996,0.941,0.384,0.4,0.973,0.8,0.723,0.9670000000000001,0.997,0.903,0.7020000000000001,0.99,1.25,1,Erythrophleum fordii_varimp.txt
bio_2,0.726,0.705,0.02,0.0,0.0,0.649,0.068,0.0,0.0,0.83,0.043,0.0,0.0,0.754,0.38799999999999996,0.0,0.0,0.493,0.366,0.0,5.0,4,Erythrophleum fordii_varimp.txt
bio_7,0.862,0.809,0.184,0.0,0.0,0.568,0.16699999999999998,0.0,0.0,0.43799999999999994,0.184,0.375,0.003,0.86,0.243,0.0,0.0,0.652,0.305,0.0,4.1,2,Erythrophleum fordii_varimp.txt
bio_12,0.7070000000000001,0.8190000000000001,0.039,0.0,0.006,0.9079999999999999,0.046,0.0,0.0,0.632,0.026000000000000002,0.0,0.0,0.9,0.434,0.0,0.0,0.809,0.298,0.0,4.525,3,Erythrophleum fordii_varimp.txt
bio_14,0.8079999999999999,0.512,0.046,0.063,0.0,0.068,0.040999999999999995,0.0,0.0,0.215,0.019,0.0,0.0,0.715,0.019,0.0,0.0,0.249,0.02,0.0,6.475,9,Erythrophleum fordii_varimp.txt
bio_15,0.257,0.32,0.127,0.0,0.0,0.146,0.098,0.0,0.0,0.256,0.172,0.0,0.0,0.107,0.129,0.0,0.0,0.287,0.06,0.0,6.125,7,Erythrophleum fordii_varimp.txt
DEM_ele,0.578,0.562,0.039,0.0,0.0,0.764,0.055999999999999994,0.0,0.0,0.653,0.027000000000000003,0.0,0.0,0.847,0.084,0.0,0.0,0.665,0.06,0.0,5.35,5,Erythrophleum fordii_varimp.txt
DEM_aspect,0.14400000000000002,0.24100000000000002,0.006,0.0,0.0,0.34299999999999997,0.035,0.083,0.0,0.353,0.006999999999999999,0.024,0.0,0.687,0.055999999999999994,0.105,0.0,0.27,0.013000000000000001,0.013999999999999999,6.45,8,Erythrophleum fordii_varimp.txt
DEM_slope,0.56,0.5660000000000001,0.03,0.27699999999999997,0.0,0.4,0.013999999999999999,0.083,0.0,0.61,0.04,0.408,0.0,0.154,0.022000000000000002,0.0,0.0,0.33,0.015,0.0,5.725,6,Erythrophleum fordii_varimp.txt
bio_1,0.37799999999999995,0.503,0.313,0.182,0.0,0.354,0.325,0.264,0.3,0.418,0.315,0.276,0.342,0.151,0.304,0.127,0.155,0.239,0.37200000000000005,0.258,3.075,3,Eucommia ulmoides_varimp.txt
bio_2,0.469,0.215,0.247,0.228,0.122,0.086,0.35600000000000004,0.209,0.7390000000000001,0.034,0.23199999999999998,0.12,0.424,0.141,0.418,0.39299999999999996,0.773,0.092,0.27399999999999997,0.107,3.05,2,Eucommia ulmoides_varimp.txt
bio_7,0.53,0.6729999999999999,0.384,0.44,0.456,0.6779999999999999,0.278,0.509,0.0,0.7290000000000001,0.327,0.44799999999999995,0.46399999999999997,0.625,0.375,0.34700000000000003,0.0,0.594,0.29600000000000004,0.583,2.0,1,Eucommia ulmoides_varimp.txt
bio_12,0.075,0.07,0.37,0.0,0.0,0.032,0.312,0.005,0.022000000000000002,0.057,0.285,0.0,0.048,0.085,0.275,0.0,0.019,0.019,0.27899999999999997,0.002,5.525,5,Eucommia ulmoides_varimp.txt
bio_14,0.005,0.025,0.29100000000000004,0.011000000000000001,0.0,0.048,0.353,0.057999999999999996,0.0,0.01,0.214,0.005,0.0,0.069,0.31,0.008,0.0,0.004,0.188,0.004,6.375,7,Eucommia ulmoides_varimp.txt
bio_15,0.039,0.05,0.22399999999999998,0.027999999999999997,0.0,0.039,0.22,0.07200000000000001,0.0,0.027999999999999997,0.231,0.009000000000000001,0.004,0.017,0.133,0.037000000000000005,0.002,0.043,0.145,0.047,6.0,6,Eucommia ulmoides_varimp.txt
DEM_ele,0.254,0.375,0.13,0.302,0.377,0.397,0.239,0.316,0.025,0.5579999999999999,0.129,0.285,0.223,0.45799999999999996,0.212,0.31,0.040999999999999995,0.379,0.243,0.285,3.475,4,Eucommia ulmoides_varimp.txt
DEM_aspect,0.005,0.021,0.042,0.0,0.003,0.005,0.032,0.0,0.001,0.01,0.040999999999999995,0.0,0.001,0.006999999999999999,0.032,0.0,0.0,0.008,0.038,0.0,8.15,9,Eucommia ulmoides_varimp.txt
DEM_slope,0.01,0.006999999999999999,0.09,0.001,0.013000000000000001,0.006999999999999999,0.14400000000000002,0.001,0.0,0.024,0.129,0.0,0.001,0.006,0.161,0.002,0.0,0.02,0.126,0.021,7.35,8,Eucommia ulmoides_varimp.txt
bio_1,0.953,0.23,0.425,0.73,0.8029999999999999,0.987,0.609,0.752,0.0,0.623,0.6679999999999999,0.519,0.053,0.888,0.603,0.5760000000000001,1.0,0.6409999999999999,0.524,0.56,3.7,3,Firmiana major_varimp.txt
bio_2,0.0,0.903,0.462,0.652,0.657,0.736,0.41,0.71,0.846,0.9520000000000001,0.684,0.623,0.597,0.934,0.677,0.62,0.0,0.855,0.624,0.594,3.25,2,Firmiana major_varimp.txt
bio_7,0.998,1.0,0.589,1.0,0.9940000000000001,0.332,0.612,0.996,0.9940000000000001,0.997,0.6459999999999999,0.9790000000000001,1.0,0.975,0.726,0.981,0.0,0.995,0.7020000000000001,0.985,1.8,1,Firmiana major_varimp.txt
bio_12,0.855,0.95,0.318,0.503,0.826,0.9009999999999999,0.316,0.406,0.643,0.907,0.212,0.0,0.0,0.8690000000000001,0.45399999999999996,0.0,0.445,0.873,0.264,0.0,4.525,4,Firmiana major_varimp.txt
bio_14,0.0,0.997,0.077,0.017,0.0,0.945,0.044000000000000004,0.006,0.0,0.9840000000000001,0.051,0.0,0.102,0.885,0.03,0.0,0.0,0.995,0.037000000000000005,0.0,5.7,6,Firmiana major_varimp.txt
bio_15,0.0,0.8690000000000001,0.008,0.003,0.0,0.848,0.005,0.015,0.391,0.88,0.012,0.0,0.0,0.493,0.005,0.0,0.0,0.9079999999999999,0.006999999999999999,0.0,6.775,8,Firmiana major_varimp.txt
DEM_ele,0.0,0.84,0.248,0.0,0.535,0.958,0.29100000000000004,0.0,0.5379999999999999,0.893,0.294,0.0,0.731,0.568,0.213,0.0,0.813,0.693,0.183,0.0,5.6,5,Firmiana major_varimp.txt
DEM_aspect,0.0,0.489,0.006,0.0,0.0,0.344,0.005,0.0,0.0,0.235,0.004,0.0,0.0,0.381,0.004,0.0,0.0,0.38799999999999996,0.004,0.027000000000000003,7.925,9,Firmiana major_varimp.txt
DEM_slope,0.5489999999999999,0.779,0.29600000000000004,0.47100000000000003,0.648,0.736,0.24100000000000002,0.473,0.563,0.873,0.25,0.0,0.0,0.8190000000000001,0.242,0.0,0.0,0.679,0.359,0.0,5.725,7,Firmiana major_varimp.txt
bio_1,0.161,0.368,0.257,0.013000000000000001,0.15,0.395,0.251,0.006,0.20600000000000002,0.10400000000000001,0.418,0.008,0.19899999999999998,0.063,0.327,0.0,0.242,0.098,0.285,0.013000000000000001,4.225,3,Fokienia hodginsii_varimp.txt
bio_2,0.27699999999999997,0.168,0.179,0.077,0.047,0.342,0.107,0.198,0.048,0.332,0.139,0.094,0.031,0.325,0.149,0.075,0.31,0.218,0.12300000000000001,0.035,4.45,5,Fokienia hodginsii_varimp.txt
bio_7,0.6990000000000001,0.9079999999999999,0.289,0.616,1.0,0.9,0.257,0.49700000000000005,0.736,0.72,0.257,0.514,0.619,0.611,0.284,0.461,0.708,0.7190000000000001,0.299,0.6,1.525,1,Fokienia hodginsii_varimp.txt
bio_12,0.024,0.022000000000000002,0.294,0.004,0.048,0.069,0.20199999999999999,0.006,0.095,0.09300000000000001,0.321,0.005,0.046,0.09,0.153,0.02,0.08800000000000001,0.076,0.272,0.006999999999999999,5.375,6,Fokienia hodginsii_varimp.txt
bio_14,0.311,0.09,0.326,0.24600000000000002,0.34700000000000003,0.361,0.303,0.465,0.643,0.512,0.391,0.40399999999999997,0.619,0.45,0.505,0.564,0.593,0.41100000000000003,0.48,0.511,1.975,2,Fokienia hodginsii_varimp.txt
bio_15,0.0,0.012,0.092,0.0,0.0,0.213,0.08900000000000001,0.013999999999999999,0.0,0.031,0.07400000000000001,0.0,0.018000000000000002,0.018000000000000002,0.14800000000000002,0.018000000000000002,0.008,0.003,0.087,0.006999999999999999,7.55,7,Fokienia hodginsii_varimp.txt
DEM_ele,0.198,0.3,0.057999999999999996,0.226,0.664,0.272,0.11900000000000001,0.14300000000000002,0.161,0.272,0.1,0.153,0.187,0.201,0.129,0.163,0.191,0.24,0.133,0.163,4.25,4,Fokienia hodginsii_varimp.txt
DEM_aspect,0.006999999999999999,0.006,0.039,0.0,0.027000000000000003,0.03,0.019,0.011000000000000001,0.025,0.038,0.038,0.016,0.006999999999999999,0.012,0.026000000000000002,0.001,0.034,0.036000000000000004,0.022000000000000002,0.006999999999999999,7.975,9,Fokienia hodginsii_varimp.txt
DEM_slope,0.01,0.006999999999999999,0.076,0.002,0.017,0.012,0.064,0.004,0.019,0.011000000000000001,0.05,0.0,0.042,0.028999999999999998,0.086,0.012,0.040999999999999995,0.026000000000000002,0.069,0.01,7.675,8,Fokienia hodginsii_varimp.txt
bio_1,0.8240000000000001,0.628,0.355,0.0,0.0,0.647,0.331,0.0,0.0,0.7170000000000001,0.32899999999999996,0.0,0.703,0.563,0.425,0.027999999999999997,0.0,0.66,0.39399999999999996,0.002,4.65,4,Fraxinus mandshurica_varimp.txt
bio_2,0.12,0.515,0.14300000000000002,0.46299999999999997,0.693,0.5920000000000001,0.051,0.18,0.0,0.5489999999999999,0.115,0.43200000000000005,0.606,0.53,0.146,0.28,0.534,0.647,0.221,0.5720000000000001,4.675,5,Fraxinus mandshurica_varimp.txt
bio_7,0.5770000000000001,0.47600000000000003,0.214,0.0,0.541,0.7040000000000001,0.298,0.0,0.0,0.688,0.253,0.0,0.0,0.444,0.473,0.0,0.0,0.5920000000000001,0.39399999999999996,0.0,5.5,7,Fraxinus mandshurica_varimp.txt
bio_12,0.0,0.976,0.495,0.081,0.004,0.927,0.499,0.251,0.922,0.9309999999999999,0.475,0.168,0.0,0.935,0.58,0.217,0.0,0.982,0.578,0.08900000000000001,3.0,1,Fraxinus mandshurica_varimp.txt
bio_14,0.0,0.696,0.584,0.537,0.0,0.38799999999999996,0.22899999999999998,0.591,0.684,0.408,0.527,0.638,0.0,0.606,0.614,0.5589999999999999,0.614,0.41600000000000004,0.7390000000000001,0.601,3.4,2,Fraxinus mandshurica_varimp.txt
bio_15,0.159,0.772,0.20800000000000002,0.099,0.753,0.568,0.073,0.053,0.0,0.584,0.125,0.155,0.0,0.564,0.2,0.023,0.0,0.67,0.218,0.047,4.95,6,Fraxinus mandshurica_varimp.txt
DEM_ele,0.9890000000000001,0.8290000000000001,0.17800000000000002,0.633,0.0,0.799,0.154,0.6659999999999999,0.0,0.7490000000000001,0.249,0.5329999999999999,0.588,0.838,0.205,0.742,0.535,0.599,0.12300000000000001,0.508,3.425,3,Fraxinus mandshurica_varimp.txt
DEM_aspect,0.0,0.158,0.067,0.0,0.0,0.23600000000000002,0.017,0.0,0.001,0.19,0.046,0.0,0.0,0.13699999999999998,0.094,0.002,0.061,0.22899999999999998,0.08900000000000001,0.0,7.4,8,Fraxinus mandshurica_varimp.txt
DEM_slope,0.0,0.235,0.021,0.047,0.0,0.21899999999999997,0.023,0.0,0.0,0.14400000000000002,0.016,0.0,0.0,0.065,0.024,0.0,0.0,0.157,0.019,0.0,8.0,9,Fraxinus mandshurica_varimp.txt
bio_1,0.0,,0.08900000000000001,0.223,0.0,0.7809999999999999,0.294,0.33799999999999997,0.0,0.958,0.252,0.01,0.0,0.7390000000000001,0.18,0.134,0.0,0.84,0.41200000000000003,0.337,3.9,3,Garcinia paucinervis_varimp.txt
bio_2,0.657,,0.059000000000000004,0.46799999999999997,0.5870000000000001,0.8690000000000001,0.049,0.313,0.0,0.841,0.031,0.215,0.488,0.843,0.059000000000000004,0.366,0.483,1.0,0.046,0.318,3.45,2,Garcinia paucinervis_varimp.txt
bio_7,0.772,,0.115,0.565,0.855,0.9890000000000001,0.14300000000000002,0.708,0.953,0.785,0.10400000000000001,0.816,0.856,0.995,0.159,0.679,0.8809999999999999,0.977,0.106,0.731,1.825,1,Garcinia paucinervis_varimp.txt
bio_12,0.0,,0.06,0.046,0.0,0.92,0.109,0.08800000000000001,0.0,0.925,0.136,0.017,0.0,0.9129999999999999,0.049,0.046,0.0,0.932,0.14800000000000002,0.095,4.4,4,Garcinia paucinervis_varimp.txt
bio_14,0.0,,0.019,0.0,0.0,0.418,0.038,0.0,0.0,0.391,0.03,0.0,0.077,0.846,0.032,0.0,0.0,0.542,0.025,0.0,7.15,9,Garcinia paucinervis_varimp.txt
bio_15,0.0,,0.04,0.028999999999999998,0.0,0.943,0.054000000000000006,0.048,0.0,0.816,0.042,0.0,0.0,0.8690000000000001,0.05,0.013999999999999999,0.28300000000000003,0.94,0.073,0.063,5.275,6,Garcinia paucinervis_varimp.txt
DEM_ele,0.0,,0.057999999999999996,0.0,0.0,0.718,0.061,0.0,0.188,0.82,0.17,0.0,0.255,0.866,0.18600000000000003,0.0,0.165,0.866,0.106,0.0,5.15,5,Garcinia paucinervis_varimp.txt
DEM_aspect,0.0,,0.052000000000000005,0.006999999999999999,0.107,0.449,0.01,0.0,0.172,0.313,0.021,0.026000000000000002,0.18,0.37,0.017,0.035,0.0,0.6,0.012,0.0,6.825,7,Garcinia paucinervis_varimp.txt
DEM_slope,0.0,,0.009000000000000001,0.0,0.0,0.6,0.01,0.0,0.31,0.475,0.027999999999999997,0.153,0.004,0.631,0.017,0.0,0.11800000000000001,0.777,0.01,0.0,7.025,8,Garcinia paucinervis_varimp.txt
bio_1,0.993,,0.536,0.498,0.623,0.732,0.353,0.593,0.943,0.6579999999999999,0.5760000000000001,0.8270000000000001,0.7090000000000001,0.8290000000000001,0.445,0.647,0.91,0.628,0.503,0.535,1.3,1,Glyptostrobus pensilis_varimp.txt
bio_2,0.071,,0.34,0.023,0.111,0.489,0.048,0.016,0.055,0.475,0.26,0.0,0.16699999999999998,0.46799999999999997,0.262,0.0,0.099,0.406,0.44299999999999995,0.0,5.075,5,Glyptostrobus pensilis_varimp.txt
bio_7,0.22,,0.252,0.0,0.7390000000000001,0.272,0.243,0.0,0.63,0.506,0.175,0.0,0.799,0.505,0.239,0.0,0.414,0.511,0.26899999999999996,0.023,4.375,3,Glyptostrobus pensilis_varimp.txt
bio_12,0.049,,0.275,0.54,0.04,0.444,0.156,0.22899999999999998,0.013999999999999999,0.69,0.106,0.057,0.146,0.586,0.142,0.040999999999999995,0.16699999999999998,0.624,0.179,0.18100000000000002,4.15,2,Glyptostrobus pensilis_varimp.txt
bio_14,0.252,,0.49,0.0,0.26,0.537,0.244,0.0,0.061,0.042,0.32899999999999996,0.0,0.0,0.631,0.451,0.049,0.0,0.165,0.58,0.0,4.775,4,Glyptostrobus pensilis_varimp.txt
bio_15,0.006999999999999999,,0.051,0.099,0.377,0.313,0.076,0.053,0.006,0.369,0.055999999999999994,0.046,0.33799999999999997,0.405,0.066,0.10099999999999999,0.233,0.284,0.098,0.196,5.45,7,Glyptostrobus pensilis_varimp.txt
DEM_ele,0.42100000000000004,,0.06,0.0,0.249,0.39399999999999996,0.114,0.0,0.344,0.512,0.10300000000000001,0.009000000000000001,0.413,0.536,0.156,0.005,0.22399999999999998,0.261,0.06,0.001,5.15,6,Glyptostrobus pensilis_varimp.txt
DEM_aspect,0.02,,0.021,0.0,0.005,0.141,0.012,0.0,0.042,0.08199999999999999,0.012,0.0,0.027999999999999997,0.14400000000000002,0.018000000000000002,0.001,0.003,0.019,0.015,0.0,8.05,9,Glyptostrobus pensilis_varimp.txt
DEM_slope,0.08,,0.128,0.266,0.021,0.059000000000000004,0.105,0.004,0.055999999999999994,0.08199999999999999,0.016,0.005,0.005,0.142,0.075,0.0,0.02,0.154,0.1,0.087,6.675,8,Glyptostrobus pensilis_varimp.txt
bio_1,0.871,1.0,0.46799999999999997,0.512,0.9640000000000001,0.982,0.547,0.698,0.742,0.9,0.39899999999999997,0.6779999999999999,0.0,0.8490000000000001,0.513,0.679,0.63,0.997,0.32799999999999996,0.524,1.775,1,Gmelina arborea_varimp.txt
bio_2,0.0,0.585,0.451,0.0,0.547,0.591,0.513,0.0,0.0,0.888,0.499,0.0,0.006,0.599,0.444,0.0,0.573,0.87,0.322,0.0,5.15,4,Gmelina arborea_varimp.txt
bio_7,0.0,0.8759999999999999,0.26899999999999996,0.6679999999999999,0.29100000000000004,0.852,0.257,0.512,0.5,0.9890000000000001,0.336,0.335,0.736,0.7140000000000001,0.24600000000000002,0.337,0.0,0.889,0.299,0.5670000000000001,3.425,2,Gmelina arborea_varimp.txt
bio_12,0.495,0.8140000000000001,0.207,0.0,0.682,0.915,0.41700000000000004,0.0,0.314,0.919,0.273,0.0,0.0,0.785,0.11900000000000001,0.0,0.0,0.81,0.08199999999999999,0.0,4.95,3,Gmelina arborea_varimp.txt
bio_14,0.9079999999999999,0.669,0.03,0.09,0.892,0.251,0.027000000000000003,0.121,0.0,0.667,0.013999999999999999,0.0,0.705,0.8340000000000001,0.015,0.006,0.69,0.745,0.011000000000000001,0.0,5.325,5,Gmelina arborea_varimp.txt
bio_15,0.0,0.9359999999999999,0.006999999999999999,0.0,0.369,1.0,0.004,0.0,0.932,0.74,0.013000000000000001,0.085,0.0,0.812,0.02,0.042,0.0,0.861,0.01,0.061,5.6,7,Gmelina arborea_varimp.txt
DEM_ele,0.484,0.7509999999999999,0.109,0.0,0.628,0.8440000000000001,0.17300000000000001,0.0,0.0,0.9059999999999999,0.109,0.0,0.0,0.46,0.091,0.0,0.311,0.9,0.036000000000000004,0.0,5.5,6,Gmelina arborea_varimp.txt
DEM_aspect,0.36,0.34700000000000003,0.005,0.0,0.603,0.664,0.0,0.0,0.0,0.424,0.005,0.0,0.0,0.035,0.006,0.0,0.11800000000000001,0.547,0.004,0.0,7.5,9,Gmelina arborea_varimp.txt
DEM_slope,0.057,0.738,0.02,0.0,0.311,0.469,0.027000000000000003,0.0,0.121,0.888,0.094,0.095,0.0,0.687,0.182,0.07,0.0,0.8740000000000001,0.083,0.0,5.775,8,Gmelina arborea_varimp.txt
bio_1,0.0,,0.316,0.14800000000000002,0.0,,0.133,0.001,0.0,0.804,0.134,0.022000000000000002,0.0,0.877,0.19399999999999998,0.0,0.0,0.924,0.017,0.0,4.575,4,Heritiera littoralis_varimp.txt
bio_2,0.0,,0.027999999999999997,0.031,0.0,,0.028999999999999998,0.0,0.0,0.508,0.027000000000000003,0.29600000000000004,0.0,0.84,0.024,0.002,0.0,0.541,0.034,0.439,6.225,7,Heritiera littoralis_varimp.txt
bio_7,0.0,,0.16899999999999998,0.008,0.0,,0.039,0.249,0.0,0.8809999999999999,0.08199999999999999,0.0,0.0,0.9640000000000001,0.081,0.33799999999999997,0.0,0.907,0.033,0.0,4.9,5,Heritiera littoralis_varimp.txt
bio_12,0.8909999999999999,,0.055,0.633,0.8759999999999999,,0.054000000000000006,0.654,0.805,0.961,0.136,0.505,0.8590000000000001,0.915,0.055999999999999994,0.28300000000000003,0.865,0.785,0.092,0.66,2.45,1,Heritiera littoralis_varimp.txt
bio_14,0.0,,0.133,0.11699999999999999,0.0,,0.158,0.223,0.0,0.877,0.096,0.004,0.0,0.8909999999999999,0.129,0.374,0.47700000000000004,0.956,0.142,0.177,3.85,2,Heritiera littoralis_varimp.txt
bio_15,0.738,,0.033,0.10400000000000001,0.777,,0.042,0.195,0.0,0.619,0.06,0.0,0.504,0.782,0.086,0.0,0.0,0.5329999999999999,0.012,0.0,5.825,6,Heritiera littoralis_varimp.txt
DEM_ele,0.7170000000000001,,0.06,0.665,0.7020000000000001,,0.022000000000000002,0.66,0.674,0.6679999999999999,0.045,0.619,0.652,0.889,0.044000000000000004,0.703,0.0,0.784,0.047,0.67,3.95,3,Heritiera littoralis_varimp.txt
DEM_aspect,0.139,,0.005,0.05,0.073,,0.002,0.015,0.467,0.624,0.002,0.002,0.046,0.387,0.002,0.011000000000000001,0.081,0.669,0.001,0.005,6.6,8,Heritiera littoralis_varimp.txt
DEM_slope,0.0,,0.065,0.0,0.139,,0.039,0.0,0.155,0.48,0.031,0.0,0.076,0.5770000000000001,0.053,0.0,0.217,0.682,0.024,0.0,6.625,9,Heritiera littoralis_varimp.txt
bio_1,0.649,0.795,0.575,0.552,0.7070000000000001,0.899,0.613,0.795,0.5710000000000001,0.843,0.648,0.72,0.86,0.737,0.706,0.825,0.331,0.741,0.555,0.168,2.5,2,Homalium ceylanicum_varimp.txt
bio_2,0.604,0.727,0.66,0.504,0.581,0.73,0.655,0.42,0.522,0.7170000000000001,0.643,0.324,0.624,0.763,0.616,0.46799999999999997,0.205,0.633,0.54,0.382,3.6,3,Homalium ceylanicum_varimp.txt
bio_7,0.62,0.978,0.28,0.927,0.804,0.94,0.27,0.8320000000000001,0.833,0.972,0.322,0.728,0.943,0.858,0.315,0.639,0.674,0.99,0.337,1.0,2.0,1,Homalium ceylanicum_varimp.txt
bio_12,0.9,0.43700000000000006,0.7709999999999999,0.0,0.867,0.599,0.795,0.001,0.706,0.5760000000000001,0.7859999999999999,0.004,0.192,0.736,0.785,0.11599999999999999,0.657,0.557,0.715,0.002,3.8,4,Homalium ceylanicum_varimp.txt
bio_14,0.0,0.354,0.172,0.0,0.0,0.4,0.204,0.0,0.0,0.264,0.138,0.0,0.0,0.593,0.161,0.0,0.0,0.519,0.16699999999999998,0.0,7.475,8,Homalium ceylanicum_varimp.txt
bio_15,0.46399999999999997,0.368,0.039,0.0,0.371,0.63,0.027999999999999997,0.004,0.355,0.469,0.036000000000000004,0.0,0.428,0.635,0.05,0.052000000000000005,0.276,0.429,0.02,0.001,6.675,6,Homalium ceylanicum_varimp.txt
DEM_ele,0.629,0.8809999999999999,0.07400000000000001,0.34700000000000003,0.7,0.8590000000000001,0.114,0.221,0.679,0.7909999999999999,0.045,0.182,0.738,0.8240000000000001,0.162,0.18899999999999997,0.292,0.7140000000000001,0.12,0.517,3.9,5,Homalium ceylanicum_varimp.txt
DEM_aspect,0.348,0.41100000000000003,0.047,0.139,0.005,0.125,0.033,0.0,0.17,0.311,0.063,0.067,0.017,0.365,0.037000000000000005,0.027000000000000003,0.026000000000000002,0.28800000000000003,0.013000000000000001,0.003,7.175,7,Homalium ceylanicum_varimp.txt
DEM_slope,0.042,0.11,0.01,0.004,0.03,0.147,0.028999999999999998,0.012,0.008,0.071,0.013000000000000001,0.009000000000000001,0.155,0.064,0.011000000000000001,0.04,0.045,0.077,0.012,0.0,7.875,9,Homalium ceylanicum_varimp.txt
bio_1,0.0,0.971,0.41200000000000003,0.0,0.185,0.965,0.26,0.256,0.0,0.955,0.363,0.34299999999999997,0.772,0.897,0.34,0.171,0.5479999999999999,0.9309999999999999,0.322,0.5539999999999999,2.625,1,Homalium stenophyllum_varimp.txt
bio_2,1.0,0.43799999999999994,0.017,0.0,0.0,0.038,0.055999999999999994,0.0,0.0,0.244,0.027999999999999997,0.0,0.301,0.28300000000000003,0.011000000000000001,0.0,0.792,0.039,0.076,0.0,6.225,8,Homalium stenophyllum_varimp.txt
bio_7,0.0,0.9670000000000001,0.071,0.986,0.889,0.978,0.076,0.419,0.861,0.9790000000000001,0.065,0.32899999999999996,0.19399999999999998,1.0,0.098,0.439,0.0,0.9470000000000001,0.033,0.22699999999999998,2.9,2,Homalium stenophyllum_varimp.txt
bio_12,0.0,0.8759999999999999,0.049,0.0,0.675,0.845,0.083,0.0,0.593,0.8390000000000001,0.141,0.0,0.214,0.508,0.14,0.0,0.0,0.897,0.125,0.0,4.8,4,Homalium stenophyllum_varimp.txt
bio_14,0.316,0.973,0.0,0.0,0.040999999999999995,0.833,0.12300000000000001,0.0,0.47200000000000003,0.7979999999999999,0.126,0.0,0.632,0.58,0.146,0.0,0.77,0.9229999999999999,0.201,0.0,4.55,3,Homalium stenophyllum_varimp.txt
bio_15,0.0,0.392,0.002,0.0,0.259,0.855,0.008,0.0,0.0,0.873,0.005,0.0,0.0,0.8420000000000001,0.01,0.001,0.0,0.879,0.008,0.0,6.575,9,Homalium stenophyllum_varimp.txt
DEM_ele,0.0,0.8390000000000001,0.004,0.006,0.664,0.6970000000000001,0.015,0.025,0.728,0.78,0.017,0.026000000000000002,0.0,0.179,0.006,0.0,0.0,0.738,0.015,0.002,6.175,7,Homalium stenophyllum_varimp.txt
DEM_aspect,0.267,0.642,0.026000000000000002,0.052000000000000005,0.27699999999999997,0.426,0.046,0.0,0.0,0.35,0.047,0.0,0.35200000000000004,0.16,0.008,0.0,0.0,0.521,0.062,0.0,6.125,6,Homalium stenophyllum_varimp.txt
DEM_slope,0.0,0.397,0.011000000000000001,0.10400000000000001,0.0,0.873,0.035,0.066,0.0,0.7829999999999999,0.021,0.034,0.6709999999999999,0.634,0.013000000000000001,0.674,0.0,0.8109999999999999,0.034,0.036000000000000004,5.025,5,Homalium stenophyllum_varimp.txt
bio_1,0.755,0.772,0.524,1.0,0.998,0.9890000000000001,0.618,1.0,0.9990000000000001,0.909,0.503,1.0,0.902,0.955,0.526,1.0,0.9079999999999999,0.9590000000000001,0.506,1.0,1.5,1,Horsfieldia kingii_varimp.txt
bio_2,0.65,0.867,0.516,0.031,0.7070000000000001,0.8390000000000001,0.43799999999999994,0.001,0.0,0.608,0.581,0.09699999999999999,0.37,0.299,0.47700000000000004,0.002,0.301,0.205,0.45299999999999996,0.002,4.05,2,Horsfieldia kingii_varimp.txt
bio_7,0.9209999999999999,0.956,0.213,0.006,0.5660000000000001,0.912,0.192,0.0,0.0,0.544,0.121,0.006,0.718,0.737,0.263,0.0,0.653,0.685,0.261,0.0,4.625,6,Horsfieldia kingii_varimp.txt
bio_12,0.79,0.965,0.361,0.0,0.66,0.888,0.228,0.0,0.0,0.9129999999999999,0.32,0.0,0.685,0.887,0.336,0.0,0.672,0.745,0.294,0.0,4.075,3,Horsfieldia kingii_varimp.txt
bio_14,0.636,0.976,0.29100000000000004,0.092,0.212,0.77,0.162,0.11,0.0,0.337,0.242,0.0,0.816,0.78,0.292,0.012,0.807,0.74,0.239,0.018000000000000002,4.3,4,Horsfieldia kingii_varimp.txt
bio_15,0.467,0.77,0.017,0.0,0.596,0.5579999999999999,0.01,0.0,0.0,0.516,0.03,0.0,0.564,0.521,0.042,0.0,0.557,0.5760000000000001,0.047,0.0,6.825,7,Horsfieldia kingii_varimp.txt
DEM_ele,0.909,0.912,0.139,0.0,0.74,0.8809999999999999,0.092,0.0,0.0,0.657,0.15,0.0,0.851,0.812,0.10800000000000001,0.0,0.8440000000000001,0.7709999999999999,0.091,0.0,4.625,6,Horsfieldia kingii_varimp.txt
DEM_aspect,0.498,0.5670000000000001,0.006,0.001,0.451,0.7290000000000001,0.004,0.0,0.0,0.162,0.008,0.0,0.105,0.158,0.015,0.0,0.077,0.252,0.018000000000000002,0.002,7.5,9,Horsfieldia kingii_varimp.txt
DEM_slope,0.154,0.713,0.027000000000000003,0.0,0.429,0.732,0.011000000000000001,0.0,0.0,0.46299999999999997,0.031,0.0,0.0,0.29600000000000004,0.023,0.0,0.004,0.213,0.018000000000000002,0.0,7.5,9,Horsfieldia kingii_varimp.txt
bio_1,0.502,0.341,0.38,0.171,0.354,0.17800000000000002,0.426,0.469,0.519,0.695,0.523,0.723,0.434,0.815,0.536,0.691,0.441,0.8220000000000001,0.45399999999999996,0.11199999999999999,2.45,2,Ixonanthes reticulata_varimp.txt
bio_2,0.098,0.237,0.311,0.09,0.325,0.301,0.256,0.015,0.064,0.43799999999999994,0.192,0.0,0.485,0.344,0.26,0.018000000000000002,0.45799999999999996,0.46,0.23199999999999998,0.038,4.65,5,Ixonanthes reticulata_varimp.txt
bio_7,0.9309999999999999,0.966,0.13699999999999998,0.7659999999999999,0.609,0.99,0.256,0.624,0.841,0.91,0.23,0.489,0.345,0.701,0.273,0.52,0.264,0.6609999999999999,0.294,0.894,2.275,1,Ixonanthes reticulata_varimp.txt
bio_12,0.782,0.639,0.402,0.0,0.743,0.47,0.365,0.0,0.605,0.52,0.168,0.003,0.818,0.802,0.276,0.0,0.889,0.64,0.16699999999999998,0.003,3.725,3,Ixonanthes reticulata_varimp.txt
bio_14,0.0,0.37200000000000005,0.132,0.022000000000000002,0.0,0.36700000000000005,0.025,0.0,0.53,0.585,0.025,0.009000000000000001,0.0,0.28,0.038,0.001,0.0,0.6940000000000001,0.046,0.002,6.025,6,Ixonanthes reticulata_varimp.txt
bio_15,0.35600000000000004,0.16899999999999998,0.126,0.0,0.067,0.095,0.057,0.0,0.41700000000000004,0.428,0.048,0.005,0.22,0.198,0.038,0.0,0.38799999999999996,0.42700000000000005,0.033,0.0,6.5,7,Ixonanthes reticulata_varimp.txt
DEM_ele,0.816,0.71,0.05,0.345,0.304,0.636,0.054000000000000006,0.252,0.623,0.40399999999999997,0.048,0.153,0.37799999999999995,0.419,0.085,0.21899999999999997,0.41100000000000003,0.522,0.095,0.308,3.925,4,Ixonanthes reticulata_varimp.txt
DEM_aspect,0.042,0.032,0.022000000000000002,0.01,0.004,0.006,0.012,0.02,0.23800000000000002,0.264,0.01,0.126,0.0,0.027000000000000003,0.03,0.053,0.004,0.057999999999999996,0.02,0.05,7.275,8,Ixonanthes reticulata_varimp.txt
DEM_slope,0.003,0.055999999999999994,0.013999999999999999,0.0,0.015,0.046,0.015,0.0,0.0,0.028999999999999998,0.006999999999999999,0.0,0.048,0.057,0.008,0.0,0.095,0.209,0.006,0.0,8.175,9,Ixonanthes reticulata_varimp.txt
bio_1,0.0,0.693,0.172,0.068,0.0,0.804,0.33299999999999996,0.11199999999999999,0.0,0.703,0.32899999999999996,0.059000000000000004,0.33399999999999996,0.732,0.282,0.067,0.0,0.7040000000000001,0.358,0.094,4.55,5,Juniperus rigida_varimp.txt
bio_2,0.377,0.672,0.40299999999999997,0.179,0.12300000000000001,0.775,0.414,0.07200000000000001,0.0,0.67,0.444,0.002,0.365,0.7440000000000001,0.341,0.18899999999999997,0.0,0.655,0.136,0.0,4.05,4,Juniperus rigida_varimp.txt
bio_7,0.0,0.679,0.308,0.305,0.579,0.7759999999999999,0.48700000000000004,0.326,0.0,0.639,0.39399999999999996,0.26,0.64,0.6990000000000001,0.48200000000000004,0.14400000000000002,0.601,0.716,0.565,0.196,2.725,1,Juniperus rigida_varimp.txt
bio_12,0.0,0.659,0.23600000000000002,0.095,0.0,0.81,0.42200000000000004,0.294,0.445,0.7509999999999999,0.4,0.0,0.312,0.725,0.342,0.10099999999999999,0.24100000000000002,0.764,0.33399999999999996,0.106,3.55,3,Juniperus rigida_varimp.txt
bio_14,0.66,0.265,0.158,0.37200000000000005,0.0,0.466,0.033,0.003,0.368,0.187,0.136,0.516,0.282,0.35200000000000004,0.075,0.076,0.25,0.42100000000000004,0.132,0.066,5.5,6,Juniperus rigida_varimp.txt
bio_15,0.022000000000000002,0.09699999999999999,0.157,0.011000000000000001,0.19399999999999998,0.17800000000000002,0.19399999999999998,0.113,0.0,0.07200000000000001,0.196,0.017,0.0,0.226,0.204,0.08800000000000001,0.042,0.055,0.092,0.022000000000000002,6.4,7,Juniperus rigida_varimp.txt
DEM_ele,0.466,0.6609999999999999,0.212,0.789,0.568,0.727,0.247,0.905,0.442,0.691,0.168,0.871,0.0,0.695,0.121,0.773,0.6459999999999999,0.6990000000000001,0.12,0.903,3.425,2,Juniperus rigida_varimp.txt
DEM_aspect,0.0,0.24600000000000002,0.036000000000000004,0.017,0.0,0.011000000000000001,0.033,0.0,0.0,0.024,0.031,0.0,0.0,0.004,0.05,0.0,0.0,0.012,0.042,0.0,8.35,9,Juniperus rigida_varimp.txt
DEM_slope,0.0,0.187,0.068,0.086,0.061,0.213,0.057,0.094,0.0,0.226,0.033,0.102,0.0,0.187,0.125,0.09699999999999999,0.031,0.222,0.055999999999999994,0.182,6.45,8,Juniperus rigida_varimp.txt
bio_1,0.35600000000000004,0.526,0.525,0.489,0.256,0.303,0.44799999999999995,0.401,0.25,0.379,0.439,0.348,0.203,0.344,0.48700000000000004,0.285,0.059000000000000004,0.22399999999999998,0.424,0.34600000000000003,2.95,2,Juniperus tibetica_varimp.txt
bio_2,0.0,0.077,0.441,0.231,0.182,0.154,0.44799999999999995,0.444,0.22399999999999998,0.179,0.318,0.33799999999999997,0.322,0.358,0.406,0.445,0.098,0.151,0.424,0.455,3.85,4,Juniperus tibetica_varimp.txt
bio_7,0.031,0.3,0.531,0.223,0.752,0.787,0.657,0.9129999999999999,0.696,0.7659999999999999,0.426,0.579,0.542,0.389,0.53,0.6920000000000001,0.593,0.636,0.568,0.907,1.7,1,Juniperus tibetica_varimp.txt
bio_12,0.48200000000000004,0.474,0.17300000000000001,0.146,0.204,0.147,0.065,0.084,0.473,0.22399999999999998,0.14800000000000002,0.132,0.114,0.33899999999999997,0.16399999999999998,0.102,0.18100000000000002,0.245,0.1,0.032,4.05,5,Juniperus tibetica_varimp.txt
bio_14,0.11699999999999999,0.055999999999999994,0.013000000000000001,0.0,0.083,0.008,0.018000000000000002,0.0,0.267,0.109,0.016,0.027000000000000003,0.083,0.254,0.016,0.054000000000000006,0.087,0.12,0.008,0.0,6.85,7,Juniperus tibetica_varimp.txt
bio_15,0.019,0.106,0.043,0.027999999999999997,0.019,0.125,0.04,0.02,0.11699999999999999,0.20600000000000002,0.048,0.027999999999999997,0.008,0.133,0.05,0.019,0.02,0.07200000000000001,0.040999999999999995,0.026000000000000002,6.4,6,Juniperus tibetica_varimp.txt
DEM_ele,0.912,0.596,0.565,0.631,0.071,0.242,0.355,0.055,0.073,0.11599999999999999,0.484,0.105,0.157,0.525,0.525,0.027000000000000003,0.187,0.451,0.428,0.053,3.25,3,Juniperus tibetica_varimp.txt
DEM_aspect,0.002,0.005,0.011000000000000001,0.0,0.002,0.01,0.006999999999999999,0.0,0.031,0.023,0.018000000000000002,0.003,0.0,0.012,0.013999999999999999,0.008,0.004,0.006,0.019,0.004,8.3,9,Juniperus tibetica_varimp.txt
DEM_slope,0.001,0.003,0.059000000000000004,0.002,0.001,0.006,0.047,0.004,0.002,0.006,0.045,0.012,0.002,0.005,0.09300000000000001,0.037000000000000005,0.006,0.004,0.071,0.013999999999999999,7.65,8,Juniperus tibetica_varimp.txt
bio_1,0.501,0.488,0.171,0.172,0.873,0.875,0.217,0.295,0.48700000000000004,0.55,0.237,0.09,0.295,0.33799999999999997,0.366,0.154,0.34,0.483,0.193,0.13,2.325,2,Keteleeria davidiana_varimp.txt
bio_2,0.373,0.177,0.16699999999999998,0.41200000000000003,0.18,0.037000000000000005,0.22699999999999998,0.258,0.344,0.019,0.172,0.359,0.055,0.10300000000000001,0.282,0.33799999999999997,0.0,0.027000000000000003,0.121,0.228,4.125,3,Keteleeria davidiana_varimp.txt
bio_7,0.382,0.8340000000000001,0.22,0.222,0.414,0.424,0.289,0.298,0.37799999999999995,0.524,0.27899999999999997,0.342,0.69,0.7120000000000001,0.298,0.267,0.618,0.483,0.248,0.431,1.575,1,Keteleeria davidiana_varimp.txt
bio_12,0.036000000000000004,0.377,0.237,0.005,0.038,0.349,0.19899999999999998,0.006,0.07200000000000001,0.435,0.276,0.036000000000000004,0.038,0.371,0.247,0.016,0.026000000000000002,0.429,0.289,0.005,4.25,4,Keteleeria davidiana_varimp.txt
bio_14,0.003,0.021,0.21100000000000002,0.001,0.01,0.009000000000000001,0.17,0.024,0.03,0.031,0.222,0.004,0.002,0.002,0.218,0.0,0.01,0.024,0.204,0.006999999999999999,6.275,7,Keteleeria davidiana_varimp.txt
bio_15,0.024,0.11,0.133,0.001,0.039,0.039,0.139,0.001,0.077,0.057,0.14400000000000002,0.0,0.185,0.075,0.16899999999999998,0.048,0.203,0.096,0.18899999999999997,0.009000000000000001,5.85,6,Keteleeria davidiana_varimp.txt
DEM_ele,0.07200000000000001,0.19399999999999998,0.19399999999999998,0.11599999999999999,0.152,0.149,0.149,0.10099999999999999,0.063,0.048,0.15,0.066,0.08,0.191,0.177,0.1,0.21,0.188,0.129,0.17,4.45,5,Keteleeria davidiana_varimp.txt
DEM_aspect,0.0,0.003,0.022000000000000002,0.004,0.009000000000000001,0.005,0.08199999999999999,0.0,0.001,0.004,0.063,0.0,0.0,0.006999999999999999,0.057999999999999996,0.0,0.0,0.003,0.040999999999999995,0.0,8.6,9,Keteleeria davidiana_varimp.txt
DEM_slope,0.004,0.006999999999999999,0.13,0.018000000000000002,0.002,0.005,0.064,0.013000000000000001,0.005,0.013999999999999999,0.083,0.001,0.0,0.01,0.081,0.0,0.006999999999999999,0.006,0.113,0.012,7.55,8,Keteleeria davidiana_varimp.txt
bio_1,0.779,0.9179999999999999,0.33899999999999997,0.318,0.997,0.7559999999999999,0.27,0.37799999999999995,0.986,0.754,0.301,0.318,0.892,,0.27,0.099,0.465,0.619,0.21100000000000002,0.006999999999999999,2.7,2,Keteleeria evelyniana_varimp.txt
bio_2,0.455,0.255,0.295,0.258,0.13699999999999998,0.327,0.252,0.045,0.135,0.10400000000000001,0.257,0.213,0.05,,0.242,0.062,0.159,0.313,0.249,0.29100000000000004,4.45,5,Keteleeria evelyniana_varimp.txt
bio_7,0.254,0.904,0.589,1.0,0.359,0.887,0.552,0.992,0.371,0.945,0.595,1.0,0.222,,0.6459999999999999,1.0,0.8029999999999999,0.993,0.633,1.0,1.65,1,Keteleeria evelyniana_varimp.txt
bio_12,0.431,0.39,0.512,0.201,0.272,0.4,0.542,0.297,0.307,0.52,0.495,0.358,0.19,,0.386,0.285,0.358,0.37200000000000005,0.574,0.3,3.1,3,Keteleeria evelyniana_varimp.txt
bio_14,0.2,0.102,0.076,0.012,0.017,0.09300000000000001,0.156,0.006,0.0,0.035,0.147,0.011000000000000001,0.0,,0.08199999999999999,0.005,0.027000000000000003,0.162,0.19699999999999998,0.013000000000000001,7.275,8,Keteleeria evelyniana_varimp.txt
bio_15,0.122,0.136,0.17,0.018000000000000002,0.077,0.207,0.2,0.015,0.051,0.28,0.14,0.0,0.063,,0.14400000000000002,0.006,0.068,0.182,0.20600000000000002,0.0,6.5,6,Keteleeria evelyniana_varimp.txt
DEM_ele,0.609,0.741,0.365,0.027999999999999997,0.809,0.516,0.313,0.034,0.8290000000000001,0.634,0.368,0.006999999999999999,0.723,,0.35100000000000003,0.133,0.105,0.20800000000000002,0.213,0.306,3.65,4,Keteleeria evelyniana_varimp.txt
DEM_aspect,0.0,0.004,0.031,0.004,0.012,0.009000000000000001,0.027999999999999997,0.003,0.0,0.018000000000000002,0.024,0.001,0.02,,0.016,0.008,0.013000000000000001,0.006999999999999999,0.012,0.008,8.575,9,Keteleeria evelyniana_varimp.txt
DEM_slope,0.18100000000000002,0.065,0.084,0.028999999999999998,0.01,0.017,0.165,0.006999999999999999,0.046,0.07400000000000001,0.073,0.031,0.06,,0.11900000000000001,0.061,0.019,0.059000000000000004,0.057999999999999996,0.024,7.1,7,Keteleeria evelyniana_varimp.txt
bio_1,0.47100000000000003,0.36200000000000004,0.284,0.037000000000000005,0.004,0.797,0.248,0.172,0.5489999999999999,0.451,0.233,0.0,0.0,0.938,0.275,0.006999999999999999,0.0,0.945,0.29,0.009000000000000001,3.55,3,Keteleeria fortunei_varimp.txt
bio_2,0.0,0.619,0.09,0.11,0.0,0.293,0.158,0.156,0.0,0.46399999999999997,0.151,0.054000000000000006,0.0,0.35200000000000004,0.155,0.001,0.0,0.361,0.142,0.02,5.475,6,Keteleeria fortunei_varimp.txt
bio_7,0.731,0.684,0.212,0.439,0.17600000000000002,0.757,0.16399999999999998,0.24,0.0,0.813,0.17,0.41100000000000003,0.252,0.883,0.19,0.47700000000000004,0.32899999999999996,0.807,0.223,0.46299999999999997,2.275,1,Keteleeria fortunei_varimp.txt
bio_12,0.018000000000000002,0.6990000000000001,0.171,0.0,0.628,0.675,0.248,0.0,0.221,0.703,0.319,0.027000000000000003,0.6779999999999999,0.38299999999999995,0.312,0.006999999999999999,0.583,0.374,0.387,0.026000000000000002,3.275,2,Keteleeria fortunei_varimp.txt
bio_14,0.0,0.18899999999999997,0.19,0.005,0.0,0.022000000000000002,0.171,0.005,0.0,0.01,0.23399999999999999,0.001,0.0,0.145,0.215,0.024,0.0,0.042,0.126,0.001,6.375,7,Keteleeria fortunei_varimp.txt
bio_15,0.091,0.41,0.131,0.053,0.0,0.34700000000000003,0.149,0.20800000000000002,0.13699999999999998,0.34600000000000003,0.141,0.129,0.0,0.34,0.11800000000000001,0.163,0.0,0.379,0.16399999999999998,0.057,4.7,4,Keteleeria fortunei_varimp.txt
DEM_ele,0.0,0.32,0.078,0.233,0.0,0.256,0.085,0.001,0.249,0.389,0.10800000000000001,0.218,0.0,0.38799999999999996,0.12,0.107,0.0,0.35100000000000003,0.18600000000000003,0.10300000000000001,5.25,5,Keteleeria fortunei_varimp.txt
DEM_aspect,0.009000000000000001,0.036000000000000004,0.063,0.0,0.002,0.061,0.11900000000000001,0.0,0.0,0.053,0.057999999999999996,0.0,0.008,0.073,0.08,0.046,0.0,0.063,0.028999999999999998,0.0,7.4,9,Keteleeria fortunei_varimp.txt
DEM_slope,0.054000000000000006,0.09699999999999999,0.11900000000000001,0.009000000000000001,0.005,0.02,0.075,0.0,0.015,0.05,0.083,0.026000000000000002,0.003,0.05,0.105,0.0,0.001,0.098,0.13699999999999998,0.005,6.7,8,Keteleeria fortunei_varimp.txt
bio_1,0.8059999999999999,0.149,0.275,0.272,0.0,0.21,0.294,0.10800000000000001,0.289,0.22,0.336,0.336,0.138,0.32899999999999996,0.281,0.34600000000000003,0.642,0.22699999999999998,0.247,0.5,3.675,3,Larix gmelinii_varimp.txt
bio_2,0.0,0.16,0.196,0.259,0.0,0.129,0.271,0.217,0.0,0.11800000000000001,0.18,0.281,0.0,0.326,0.255,0.466,0.0,0.19699999999999998,0.22,0.47200000000000003,5.2,5,Larix gmelinii_varimp.txt
bio_7,0.305,0.017,0.447,0.212,0.998,0.045,0.392,0.061,0.894,0.08900000000000001,0.475,0.32799999999999996,0.0,0.344,0.446,0.326,0.327,0.247,0.5539999999999999,0.43200000000000005,4.025,4,Larix gmelinii_varimp.txt
bio_12,0.0,0.843,0.7,0.6829999999999999,0.0,0.738,0.531,0.7040000000000001,0.0,0.6579999999999999,0.632,0.603,0.0,0.556,0.496,0.599,0.0,0.617,0.693,0.647,2.55,2,Larix gmelinii_varimp.txt
bio_14,0.0,0.20800000000000002,0.135,0.28300000000000003,0.0,0.16899999999999998,0.067,0.294,0.0,0.19699999999999998,0.099,0.133,0.0,0.076,0.044000000000000004,0.192,0.0,0.184,0.10400000000000001,0.073,5.95,6,Larix gmelinii_varimp.txt
bio_15,0.141,0.065,0.12,0.0,0.0,0.27699999999999997,0.136,0.0,0.0,0.04,0.156,0.006,0.47200000000000003,0.40700000000000003,0.175,0.031,0.384,0.057,0.109,0.0,6.05,7,Larix gmelinii_varimp.txt
DEM_ele,0.812,0.349,0.317,0.623,0.0,0.313,0.302,0.452,0.0,0.363,0.25,0.649,0.534,0.66,0.359,0.785,0.9009999999999999,0.525,0.268,0.767,2.325,1,Larix gmelinii_varimp.txt
DEM_aspect,0.0,0.018000000000000002,0.065,0.013999999999999999,0.0,0.036000000000000004,0.024,0.027000000000000003,0.0,0.006,0.043,0.008,0.0,0.023,0.034,0.005,0.0,0.019,0.023,0.01,7.8,9,Larix gmelinii_varimp.txt
DEM_slope,0.0,0.055,0.038,0.027999999999999997,0.0,0.032,0.078,0.004,0.0,0.023,0.141,0.017,0.0,0.047,0.078,0.002,0.0,0.005,0.157,0.0,7.425,8,Larix gmelinii_varimp.txt
bio_1,0.375,,0.254,0.023,0.6559999999999999,0.447,0.035,0.004,0.0,0.7020000000000001,0.215,0.0,0.46399999999999997,,0.155,0.0,0.0,0.001,0.158,0.0,4.825,5,Larix mastersiana_varimp.txt
bio_2,0.332,,0.046,0.035,0.706,0.28300000000000003,0.066,0.0,0.0,0.8540000000000001,0.05,0.077,0.45899999999999996,,0.028999999999999998,0.0,0.997,0.9309999999999999,0.075,0.52,4.6,4,Larix mastersiana_varimp.txt
bio_7,1.0,,0.33299999999999996,0.98,0.0,0.823,0.132,0.9470000000000001,0.9990000000000001,0.963,0.38299999999999995,0.986,0.621,,0.264,1.0,0.0,1.0,0.409,0.809,2.25,1,Larix mastersiana_varimp.txt
bio_12,0.0,,0.514,0.0,0.0,0.79,0.603,0.0,0.0,0.907,0.5770000000000001,0.0,0.7490000000000001,,0.509,0.0,0.0,0.767,0.298,0.0,4.35,2,Larix mastersiana_varimp.txt
bio_14,0.0,,0.040999999999999995,0.4,0.275,0.631,0.223,0.512,0.473,0.657,0.078,0.435,0.536,,0.044000000000000004,0.29,0.0,0.47,0.098,0.41200000000000003,4.525,3,Larix mastersiana_varimp.txt
bio_15,0.0,,0.021,0.008,0.0,0.44799999999999995,0.005,0.005,0.0,0.912,0.196,0.0,0.0,,0.16899999999999998,0.0,0.0,0.579,0.355,0.017,5.575,7,Larix mastersiana_varimp.txt
DEM_ele,0.075,,0.5529999999999999,0.0,0.8170000000000001,0.7070000000000001,0.578,0.0,0.018000000000000002,0.762,0.48700000000000004,0.0,0.0,,0.625,0.0,0.0,0.45,0.121,0.0,4.875,6,Larix mastersiana_varimp.txt
DEM_aspect,0.0,,0.006999999999999999,0.0,0.0,0.322,0.009000000000000001,0.0,0.0,0.6829999999999999,0.008,0.0,0.121,,0.01,0.0,0.0,0.474,0.004,0.0,7.4,9,Larix mastersiana_varimp.txt
DEM_slope,0.0,,0.057,0.0,0.051,0.36,0.071,0.027999999999999997,0.0,0.5489999999999999,0.03,0.0,0.087,,0.086,0.0,0.0,0.5489999999999999,0.046,0.0,6.6,8,Larix mastersiana_varimp.txt
bio_1,0.18899999999999997,0.597,0.18100000000000002,0.155,0.0,,0.462,0.364,0.0,,0.165,0.071,0.0,0.614,0.485,0.08,0.0,0.696,0.429,0.023,4.275,3,Larix sibirica_varimp.txt
bio_2,0.6409999999999999,0.5660000000000001,0.179,0.0,0.0,,0.27899999999999997,0.0,0.0,,0.17600000000000002,0.0,0.0,0.732,0.134,0.043,0.0,0.588,0.053,0.0,5.55,6,Larix sibirica_varimp.txt
bio_7,0.031,0.7140000000000001,0.308,0.0,0.0,,0.161,0.0,0.627,,0.305,0.0,0.0,0.7290000000000001,0.11699999999999999,0.009000000000000001,0.0,0.742,0.19,0.0,4.975,5,Larix sibirica_varimp.txt
bio_12,0.479,0.703,0.315,0.078,0.662,,0.45299999999999996,0.121,0.0,,0.496,0.214,0.963,0.963,0.462,0.444,0.503,0.9570000000000001,0.358,0.326,2.675,2,Larix sibirica_varimp.txt
bio_14,0.0,0.105,0.28,0.0,0.0,,0.11199999999999999,0.0,0.0,,0.21,0.0,0.516,0.727,0.158,0.0,0.0,0.716,0.17,0.0,6.025,7,Larix sibirica_varimp.txt
bio_15,0.496,0.64,0.5489999999999999,0.86,0.728,,0.406,0.825,0.624,,0.39399999999999996,0.821,0.175,0.8490000000000001,0.542,0.9159999999999999,0.79,0.85,0.583,0.867,2.15,1,Larix sibirica_varimp.txt
DEM_ele,0.0,0.606,0.091,0.204,0.11699999999999999,,0.133,0.308,0.297,,0.11900000000000001,0.31,0.266,0.7759999999999999,0.096,0.193,0.318,0.88,0.136,0.226,4.45,4,Larix sibirica_varimp.txt
DEM_aspect,0.0,0.245,0.069,0.0,0.0,,0.048,0.0,0.0,,0.051,0.0,0.0,0.252,0.044000000000000004,0.0,0.025,0.015,0.063,0.0,7.4,8,Larix sibirica_varimp.txt
DEM_slope,0.297,0.17600000000000002,0.01,0.11199999999999999,0.0,,0.008,0.0,0.0,,0.018000000000000002,0.0,0.040999999999999995,0.23600000000000002,0.008,0.0,0.0,0.152,0.011000000000000001,0.0,7.5,9,Larix sibirica_varimp.txt
bio_1,1.0,0.773,0.46799999999999997,0.215,1.0,0.932,0.314,0.0,0.851,0.937,0.24,0.0,0.975,0.953,0.281,0.0,1.0,0.9109999999999999,0.315,0.449,3.2,2,Lithocarpus fenzelianus_varimp.txt
bio_2,0.0,0.927,0.053,0.8740000000000001,0.0,0.9259999999999999,0.048,0.7879999999999999,0.0,0.9,0.028999999999999998,0.665,0.44299999999999995,0.941,0.040999999999999995,0.685,0.0,0.914,0.03,0.523,3.7,3,Lithocarpus fenzelianus_varimp.txt
bio_7,0.0,1.0,0.179,1.0,0.0,1.0,0.307,1.0,0.0,1.0,0.363,0.9990000000000001,0.915,1.0,0.259,1.0,0.0,1.0,0.311,1.0,2.25,1,Lithocarpus fenzelianus_varimp.txt
bio_12,0.618,0.914,0.006,0.002,0.84,0.439,0.008,0.377,0.914,0.024,0.019,0.389,0.8059999999999999,0.26,0.022000000000000002,0.461,0.872,0.5539999999999999,0.024,0.39299999999999996,4.575,5,Lithocarpus fenzelianus_varimp.txt
bio_14,0.0,0.867,0.006999999999999999,0.0,0.0,0.88,0.018000000000000002,0.0,0.0,0.853,0.005,0.0,0.47600000000000003,0.737,0.028999999999999998,0.0,0.0,0.8370000000000001,0.013000000000000001,0.0,6.025,6,Lithocarpus fenzelianus_varimp.txt
bio_15,0.0,0.888,0.001,0.465,0.0,0.9359999999999999,0.001,0.05,0.0,0.927,0.0,0.0,0.0,0.91,0.001,0.0,0.0,0.875,0.002,0.0,6.4,7,Lithocarpus fenzelianus_varimp.txt
DEM_ele,0.0,0.986,0.006,0.508,0.0,0.9940000000000001,0.006999999999999999,0.32799999999999996,0.0,0.998,0.011000000000000001,0.223,0.0,0.996,0.004,0.226,0.0,0.995,0.006999999999999999,0.08900000000000001,4.55,4,Lithocarpus fenzelianus_varimp.txt
DEM_aspect,0.0,0.009000000000000001,0.001,0.07,0.0,0.0,0.001,0.0,0.0,0.187,0.004,0.0,0.192,0.54,0.003,0.0,0.0,0.024,0.001,0.0,7.475,9,Lithocarpus fenzelianus_varimp.txt
DEM_slope,0.0,0.361,0.003,0.35100000000000003,0.0,0.56,0.003,0.0,0.0,0.179,0.008,0.0,0.0,0.337,0.004,0.001,0.0,0.285,0.006,0.0,6.825,8,Lithocarpus fenzelianus_varimp.txt
bio_1,0.961,0.914,0.478,0.244,0.7609999999999999,1.0,0.11599999999999999,0.046,0.9540000000000001,0.996,0.439,0.314,0.0,0.905,0.495,0.586,0.0,0.5760000000000001,0.21899999999999997,0.037000000000000005,2.725,1,Lithocarpus fordianus_varimp.txt
bio_2,0.523,0.792,0.528,0.023,0.156,0.775,0.358,0.006,0.508,0.519,0.644,0.001,0.0,0.615,0.604,0.022000000000000002,0.0,0.522,0.187,0.0,5.0,4,Lithocarpus fordianus_varimp.txt
bio_7,0.7979999999999999,0.012,0.43200000000000005,0.991,0.175,0.684,0.568,1.0,0.493,0.541,0.45399999999999996,0.9329999999999999,0.993,0.865,0.63,0.716,0.9590000000000001,0.956,0.34600000000000003,0.993,2.8,2,Lithocarpus fordianus_varimp.txt
bio_12,1.0,0.973,0.5770000000000001,0.001,0.6809999999999999,0.83,0.09,0.0,0.5,0.841,0.8029999999999999,0.003,0.0,0.799,0.605,0.0,0.0,0.8079999999999999,0.29100000000000004,0.0,4.025,3,Lithocarpus fordianus_varimp.txt
bio_14,0.059000000000000004,0.298,0.124,0.09699999999999999,0.315,0.898,0.08900000000000001,0.031,0.08199999999999999,0.7070000000000001,0.155,0.094,0.0,0.6629999999999999,0.113,0.064,0.0,0.395,0.128,0.034,5.525,7,Lithocarpus fordianus_varimp.txt
bio_15,0.695,0.764,0.113,0.033,0.201,0.721,0.142,0.048,0.433,0.522,0.099,0.034,0.0,0.726,0.142,0.0,0.0,0.865,0.157,0.0,5.2,5,Lithocarpus fordianus_varimp.txt
DEM_ele,0.823,0.619,0.168,0.0,0.536,0.9059999999999999,0.09,0.0,0.6779999999999999,0.82,0.094,0.0,0.0,0.73,0.124,0.0,0.14300000000000002,0.5529999999999999,0.077,0.0,5.325,6,Lithocarpus fordianus_varimp.txt
DEM_aspect,0.265,0.331,0.102,0.033,0.094,0.225,0.033,0.0,0.215,0.29600000000000004,0.062,0.008,0.0,0.159,0.013999999999999999,0.0,0.0,0.33399999999999996,0.11,0.003,7.45,9,Lithocarpus fordianus_varimp.txt
DEM_slope,0.309,0.461,0.04,0.044000000000000004,0.073,0.595,0.023,0.0,0.188,0.376,0.01,0.0,0.11,0.311,0.08199999999999999,0.001,0.14,0.49200000000000005,0.038,0.03,6.95,8,Lithocarpus fordianus_varimp.txt
bio_1,0.0,0.899,0.233,0.098,0.0,0.922,0.19699999999999998,0.237,0.0,0.882,0.196,0.17,0.35200000000000004,0.8740000000000001,0.161,0.299,0.0,0.935,0.21100000000000002,0.10099999999999999,4.2,4,Litsea auriculata_varimp.txt
bio_2,0.0,0.821,0.161,0.0,0.0,0.72,0.049,0.0,0.0,0.915,0.205,0.096,0.0,0.69,0.275,0.0,0.0,0.866,0.27,0.0,5.625,7,Litsea auriculata_varimp.txt
bio_7,0.8809999999999999,0.9229999999999999,0.239,0.015,0.0,0.8170000000000001,0.308,0.052000000000000005,0.529,0.7909999999999999,0.314,0.061,0.177,0.754,0.34600000000000003,0.0,0.693,0.8079999999999999,0.389,0.003,3.725,2,Litsea auriculata_varimp.txt
bio_12,0.0,0.86,0.322,0.05,0.0,0.884,0.22699999999999998,0.0,0.0,0.826,0.392,0.32,0.782,0.9329999999999999,0.457,0.59,0.0,0.759,0.271,0.08900000000000001,3.85,3,Litsea auriculata_varimp.txt
bio_14,0.0,0.6970000000000001,0.387,0.0,0.94,0.44299999999999995,0.239,0.0,0.5760000000000001,0.738,0.342,0.0,0.0,0.79,0.5710000000000001,0.0,0.0,0.59,0.324,0.0,5.075,5,Litsea auriculata_varimp.txt
bio_15,0.0,0.602,0.294,0.546,0.0,0.426,0.276,0.488,0.763,0.873,0.322,0.762,0.838,0.976,0.237,0.831,0.32899999999999996,0.7559999999999999,0.218,0.49700000000000005,3.2,1,Litsea auriculata_varimp.txt
DEM_ele,0.0,0.7879999999999999,0.129,0.0,0.015,0.6859999999999999,0.102,0.0,0.0,0.5670000000000001,0.156,0.737,0.0,0.498,0.068,0.6779999999999999,0.0,0.8009999999999999,0.091,0.0,6.0,8,Litsea auriculata_varimp.txt
DEM_aspect,0.0,0.271,0.015,0.0,0.0,0.042,0.032,0.0,0.003,0.193,0.008,0.0,0.043,0.122,0.009000000000000001,0.0,0.0,0.14300000000000002,0.042,0.0,7.775,9,Litsea auriculata_varimp.txt
DEM_slope,0.516,0.503,0.016,0.158,0.0,0.503,0.025,0.157,0.42100000000000004,0.7709999999999999,0.028999999999999998,0.244,0.6559999999999999,0.68,0.027999999999999997,0.204,0.295,0.544,0.017,0.134,5.55,6,Litsea auriculata_varimp.txt
bio_1,0.99,0.94,0.725,0.983,1.0,0.255,0.638,0.33,0.725,0.612,0.6940000000000001,0.43200000000000005,0.648,0.775,0.611,0.001,0.345,0.784,0.615,0.32,3.375,3,Litsea dilleniifolia_varimp.txt
bio_2,0.951,0.972,0.5770000000000001,0.9259999999999999,0.924,0.9009999999999999,0.5429999999999999,0.657,0.5489999999999999,0.915,0.502,0.638,0.877,0.929,0.494,0.696,0.8909999999999999,0.903,0.5429999999999999,0.608,2.3,2,Litsea dilleniifolia_varimp.txt
bio_7,0.0,1.0,0.327,0.057,1.0,1.0,0.511,0.997,1.0,1.0,0.44299999999999995,0.993,1.0,1.0,0.43200000000000005,1.0,1.0,0.997,0.45899999999999996,1.0,2.175,1,Litsea dilleniifolia_varimp.txt
bio_12,0.0,0.95,0.312,0.034,0.0,0.382,0.2,0.016,0.0,0.586,0.141,0.0,0.0,0.22399999999999998,0.32899999999999996,0.005,0.0,0.5770000000000001,0.311,0.012,6.375,6,Litsea dilleniifolia_varimp.txt
bio_14,0.0,0.0,0.063,0.307,0.0,0.342,0.027000000000000003,0.0,0.51,0.6779999999999999,0.012,0.0,0.0,0.622,0.036000000000000004,0.0,1.0,0.24100000000000002,0.066,0.076,6.65,7,Litsea dilleniifolia_varimp.txt
bio_15,0.9079999999999999,0.9590000000000001,0.005,0.772,0.0,0.552,0.01,0.0,0.0,0.805,0.017,0.0,0.0,0.40399999999999997,0.032,0.0,0.0,0.502,0.017,0.0,6.825,8,Litsea dilleniifolia_varimp.txt
DEM_ele,0.0,0.987,0.257,0.249,0.0,0.802,0.19399999999999998,0.359,0.904,0.893,0.26899999999999996,0.332,0.912,0.885,0.223,0.599,0.0,0.888,0.14400000000000002,0.344,4.225,4,Litsea dilleniifolia_varimp.txt
DEM_aspect,0.0,0.0,0.0,0.278,0.49700000000000005,0.461,0.001,0.0,0.547,0.564,0.001,0.005,0.409,0.295,0.002,0.005,0.48100000000000004,0.622,0.001,0.0,7.0,9,Litsea dilleniifolia_varimp.txt
DEM_slope,0.0,0.35200000000000004,0.011000000000000001,0.637,0.54,0.899,0.028999999999999998,0.002,0.262,0.855,0.018000000000000002,0.008,0.006999999999999999,0.605,0.003,0.0,0.0,0.622,0.02,0.0,6.075,5,Litsea dilleniifolia_varimp.txt
bio_1,0.0,0.325,0.41600000000000004,0.037000000000000005,0.0,0.32899999999999996,0.565,0.002,0.0,0.308,0.405,0.02,0.0,0.35,0.58,0.017,0.3,0.27399999999999997,0.408,0.032,5.05,5,Machilus nanmu_varimp.txt
bio_2,0.129,0.171,0.433,0.0,0.139,0.33299999999999996,0.405,0.0,0.0,0.325,0.498,0.01,0.0,0.542,0.45,0.0,0.0,0.19399999999999998,0.565,0.0,5.65,7,Machilus nanmu_varimp.txt
bio_7,0.35700000000000004,1.0,0.655,1.0,0.775,0.654,0.638,0.99,0.0,0.7609999999999999,0.62,0.953,0.8079999999999999,0.581,0.523,0.972,0.0,0.8340000000000001,0.619,0.943,2.025,1,Machilus nanmu_varimp.txt
bio_12,0.5579999999999999,0.271,0.534,0.011000000000000001,0.0,0.799,0.506,0.017,1.0,0.878,0.6729999999999999,0.106,0.192,0.7879999999999999,0.446,0.023,0.516,0.7759999999999999,0.639,0.054000000000000006,2.775,2,Machilus nanmu_varimp.txt
bio_14,0.325,0.462,0.3,0.161,0.0,0.046,0.319,0.057999999999999996,0.133,0.34600000000000003,0.45299999999999996,0.092,0.0,0.43700000000000006,0.382,0.05,0.252,0.16,0.413,0.222,4.55,3,Machilus nanmu_varimp.txt
bio_15,0.0,0.0,0.5329999999999999,0.075,0.0,0.28800000000000003,0.425,0.006999999999999999,0.0,0.08,0.43,0.046,0.031,0.046,0.555,0.156,0.08,0.182,0.363,0.011000000000000001,5.575,6,Machilus nanmu_varimp.txt
DEM_ele,0.0,0.521,0.129,0.424,0.0,0.524,0.17300000000000001,0.413,0.0,0.5529999999999999,0.139,0.38799999999999996,0.0,0.426,0.132,0.44,0.145,0.607,0.102,0.414,4.65,4,Machilus nanmu_varimp.txt
DEM_aspect,0.0,0.136,0.051,0.001,0.0,0.11,0.008,0.001,0.0,0.204,0.02,0.011000000000000001,0.0,0.18100000000000002,0.038,0.0,0.01,0.11900000000000001,0.034,0.001,7.775,9,Machilus nanmu_varimp.txt
DEM_slope,0.0,0.175,0.11699999999999999,0.0,0.001,0.19899999999999998,0.177,0.008,0.0,0.17800000000000002,0.16699999999999998,0.003,0.0,0.24100000000000002,0.115,0.001,0.054000000000000006,0.08800000000000001,0.086,0.013999999999999999,6.95,8,Machilus nanmu_varimp.txt
bio_1,0.843,0.845,0.607,1.0,0.0,0.8420000000000001,0.555,0.9520000000000001,0.848,0.62,0.535,0.381,0.8740000000000001,0.782,0.36700000000000005,0.35100000000000003,0.0,0.759,0.618,0.895,2.15,1,Madhuca pasquieri_varimp.txt
bio_2,0.415,0.741,0.08,0.0,0.0,0.929,0.08199999999999999,0.0,0.0,0.769,0.037000000000000005,0.011000000000000001,0.0,0.5710000000000001,0.094,0.022000000000000002,0.361,0.727,0.07200000000000001,0.033,4.45,3,Madhuca pasquieri_varimp.txt
bio_7,0.0,0.6559999999999999,0.113,0.057999999999999996,0.948,0.9,0.22399999999999998,0.059000000000000004,0.0,0.752,0.195,0.518,0.0,1.0,0.251,0.564,0.863,0.7979999999999999,0.226,0.018000000000000002,2.9,2,Madhuca pasquieri_varimp.txt
bio_12,0.032,0.414,0.024,0.0,0.0,0.8190000000000001,0.078,0.0,0.0,0.8170000000000001,0.062,0.012,0.0,0.677,0.092,0.006,0.0,0.82,0.121,0.0,5.3,5,Madhuca pasquieri_varimp.txt
bio_14,0.9670000000000001,0.8390000000000001,0.024,0.011000000000000001,0.0,0.6940000000000001,0.03,0.0,0.311,0.606,0.043,0.0,0.0,0.6859999999999999,0.032,0.0,0.0,0.36700000000000005,0.03,0.0,5.875,6,Madhuca pasquieri_varimp.txt
bio_15,0.297,0.655,0.028999999999999998,0.0,0.0,0.324,0.03,0.0,0.37799999999999995,0.45899999999999996,0.052000000000000005,0.0,0.233,0.384,0.034,0.0,0.409,0.39899999999999997,0.024,0.0,5.9,7,Madhuca pasquieri_varimp.txt
DEM_ele,0.122,0.34,0.128,0.0,0.41,0.5479999999999999,0.114,0.0,0.067,0.406,0.10400000000000001,0.0,0.055999999999999994,0.858,0.129,0.0,0.0,0.446,0.05,0.0,5.075,4,Madhuca pasquieri_varimp.txt
DEM_aspect,0.073,0.217,0.026000000000000002,0.0,0.0,0.138,0.038,0.002,0.0,0.071,0.016,0.0,0.039,0.079,0.043,0.0,0.0,0.07200000000000001,0.013000000000000001,0.0,7.15,9,Madhuca pasquieri_varimp.txt
DEM_slope,0.111,0.133,0.015,0.0,0.0,0.18100000000000002,0.035,0.0,0.257,0.162,0.016,0.022000000000000002,0.315,0.292,0.035,0.01,0.191,0.48,0.048,0.0,6.2,8,Madhuca pasquieri_varimp.txt
bio_1,0.0,0.6459999999999999,0.28800000000000003,0.019,0.006,0.6759999999999999,0.45,0.079,0.033,0.521,0.23800000000000002,0.069,0.0,0.7340000000000001,0.441,0.028999999999999998,0.11,0.8420000000000001,0.262,0.013999999999999999,3.975,2,Metasequoia glyptostroboides_varimp.txt
bio_2,0.0,0.42100000000000004,0.354,0.27399999999999997,0.0,0.14300000000000002,0.47700000000000004,0.642,0.0,0.518,0.419,0.6809999999999999,0.0,0.504,0.384,0.23199999999999998,0.0,0.355,0.225,0.177,4.1,3,Metasequoia glyptostroboides_varimp.txt
bio_7,0.0,0.607,0.239,0.0,0.0,0.526,0.345,0.0,0.0,0.6709999999999999,0.319,0.0,0.0,0.41,0.212,0.031,0.0,0.478,0.27399999999999997,0.0,5.775,6,Metasequoia glyptostroboides_varimp.txt
bio_12,0.925,0.696,0.284,0.32899999999999996,0.8440000000000001,0.907,0.531,0.541,0.904,0.772,0.353,0.272,1.0,0.792,0.37200000000000005,0.172,0.8740000000000001,0.8340000000000001,0.44299999999999995,0.46,1.55,1,Metasequoia glyptostroboides_varimp.txt
bio_14,0.015,0.003,0.355,0.066,0.0,0.28800000000000003,0.33799999999999997,0.008,0.023,0.175,0.38,0.040999999999999995,0.0,0.275,0.275,0.026000000000000002,0.0,0.14,0.316,0.027000000000000003,5.65,5,Metasequoia glyptostroboides_varimp.txt
bio_15,0.09300000000000001,0.218,0.278,0.0,0.077,0.17,0.19699999999999998,0.001,0.005,0.299,0.233,0.0,0.091,0.295,0.153,0.0,0.033,0.22,0.172,0.0,6.2,8,Metasequoia glyptostroboides_varimp.txt
DEM_ele,0.14,0.179,0.08800000000000001,0.01,0.295,0.428,0.15,0.008,0.268,0.26899999999999996,0.09300000000000001,0.043,0.0,0.28,0.102,0.16,0.301,0.273,0.084,0.077,5.05,4,Metasequoia glyptostroboides_varimp.txt
DEM_aspect,0.039,0.19699999999999998,0.027000000000000003,0.001,0.092,0.191,0.061,0.062,0.131,0.22899999999999998,0.042,0.059000000000000004,0.0,0.183,0.037000000000000005,0.10300000000000001,0.16699999999999998,0.25,0.073,0.11199999999999999,6.075,7,Metasequoia glyptostroboides_varimp.txt
DEM_slope,0.048,0.099,0.07,0.005,0.162,0.198,0.09,0.134,0.059000000000000004,0.14400000000000002,0.025,0.032,0.045,0.028999999999999998,0.018000000000000002,0.0,0.052000000000000005,0.08900000000000001,0.078,0.02,6.625,9,Metasequoia glyptostroboides_varimp.txt
bio_1,0.0,0.8740000000000001,0.617,0.545,0.0,0.7170000000000001,0.5920000000000001,0.034,0.711,0.825,0.34299999999999997,0.009000000000000001,0.0,0.631,0.447,0.037000000000000005,0.644,0.8809999999999999,0.55,0.105,3.65,3,Millettia leptobotrya_varimp.txt
bio_2,0.764,0.9009999999999999,0.5,0.591,0.0,0.7090000000000001,0.465,0.455,0.794,0.8420000000000001,0.5670000000000001,0.556,0.59,0.794,0.47200000000000003,0.431,0.643,0.75,0.499,0.604,2.925,2,Millettia leptobotrya_varimp.txt
bio_7,1.0,1.0,0.55,0.98,1.0,1.0,0.6579999999999999,1.0,1.0,0.995,0.726,1.0,1.0,1.0,0.6679999999999999,1.0,1.0,1.0,0.557,1.0,1.05,1,Millettia leptobotrya_varimp.txt
bio_12,0.0,0.469,0.135,0.019,0.0,0.752,0.218,0.0,0.812,0.708,0.302,0.016,0.0,0.304,0.182,0.0,0.551,0.846,0.233,0.017,5.2,5,Millettia leptobotrya_varimp.txt
bio_14,0.0,0.272,0.032,0.0,0.45,0.6890000000000001,0.033,0.002,0.155,0.6829999999999999,0.066,0.0,0.0,0.6709999999999999,0.05,0.003,0.252,0.77,0.039,0.002,6.125,6,Millettia leptobotrya_varimp.txt
bio_15,0.0,0.736,0.013000000000000001,0.006999999999999999,0.0,0.368,0.028999999999999998,0.0,0.065,0.732,0.038,0.0,0.0,0.27899999999999997,0.024,0.0,0.182,0.747,0.004,0.028999999999999998,7.4,9,Millettia leptobotrya_varimp.txt
DEM_ele,0.614,0.71,0.174,0.03,0.363,0.8370000000000001,0.217,0.057,0.857,0.14800000000000002,0.106,0.0,0.0,0.665,0.152,0.0,0.8220000000000001,0.711,0.198,0.0,4.9,4,Millettia leptobotrya_varimp.txt
DEM_aspect,0.109,0.295,0.016,0.0,0.0,0.529,0.006999999999999999,0.012,0.239,0.456,0.032,0.0,0.0,0.5329999999999999,0.036000000000000004,0.0,0.247,0.027000000000000003,0.048,0.0,7.1,8,Millettia leptobotrya_varimp.txt
DEM_slope,0.602,0.752,0.040999999999999995,0.015,0.0,0.516,0.03,0.0,0.23800000000000002,0.7559999999999999,0.019,0.0,0.0,0.524,0.032,0.0,0.23199999999999998,0.77,0.013999999999999999,0.0,6.65,7,Millettia leptobotrya_varimp.txt
bio_1,0.0,0.8140000000000001,0.175,0.11699999999999999,0.35,0.726,0.14,0.08900000000000001,0.20199999999999999,0.8320000000000001,0.237,0.02,0.091,0.7240000000000001,0.301,0.431,0.0,0.6859999999999999,0.17300000000000001,0.19899999999999998,2.775,2,Mytilaria laosensis_varimp.txt
bio_2,0.473,0.7979999999999999,0.14400000000000002,0.078,0.0,0.635,0.065,0.04,0.0,0.653,0.057999999999999996,0.021,0.0,0.845,0.047,0.256,0.0,0.6,0.099,0.068,4.1,4,Mytilaria laosensis_varimp.txt
bio_7,0.7040000000000001,0.8540000000000001,0.349,0.677,0.569,0.613,0.263,0.7390000000000001,0.713,0.5710000000000001,0.331,0.86,0.8190000000000001,0.161,0.165,0.183,0.0,0.602,0.192,0.527,2.275,1,Mytilaria laosensis_varimp.txt
bio_12,0.0,0.777,0.129,0.0,0.0,0.82,0.10300000000000001,0.0,0.005,0.862,0.16,0.0,0.161,0.7959999999999999,0.17800000000000002,0.0,0.9990000000000001,0.774,0.188,0.0,4.0,3,Mytilaria laosensis_varimp.txt
bio_14,0.13,0.18899999999999997,0.075,0.0,0.0,0.359,0.076,0.0,0.0,0.174,0.053,0.0,0.879,0.457,0.11900000000000001,0.0,0.0,0.146,0.18899999999999997,0.0,5.7,5,Mytilaria laosensis_varimp.txt
bio_15,0.026000000000000002,0.486,0.111,0.0,0.0,0.455,0.071,0.0,0.0,0.155,0.035,0.0,0.25,0.43200000000000005,0.036000000000000004,0.0,0.0,0.529,0.053,0.0,6.1,7,Mytilaria laosensis_varimp.txt
DEM_ele,0.0,0.359,0.092,0.0,0.0,0.4,0.087,0.0,0.0,0.64,0.115,0.0,0.0,0.41600000000000004,0.085,0.0,0.002,0.324,0.08900000000000001,0.0,5.85,6,Mytilaria laosensis_varimp.txt
DEM_aspect,0.0,0.004,0.017,0.0,0.0,0.08,0.032,0.0,0.0,0.257,0.019,0.0,0.0,0.054000000000000006,0.025,0.0,0.002,0.071,0.024,0.0,7.4,9,Mytilaria laosensis_varimp.txt
DEM_slope,0.07200000000000001,0.126,0.015,0.0,0.0,0.11800000000000001,0.022000000000000002,0.005,0.13,0.17600000000000002,0.027999999999999997,0.02,0.0,0.105,0.01,0.0,0.0,0.145,0.038,0.0,6.8,8,Mytilaria laosensis_varimp.txt
bio_1,0.0,0.615,0.32299999999999995,0.0,0.183,0.535,0.218,0.06,0.031,0.044000000000000004,0.257,0.0,0.33899999999999997,0.728,0.203,0.005,0.259,0.608,0.345,0.509,4.25,5,Nageia nagi_varimp.txt
bio_2,0.03,0.085,0.235,0.004,0.153,0.22399999999999998,0.166,0.11,0.28800000000000003,0.244,0.217,0.114,0.218,0.282,0.131,0.11199999999999999,0.075,0.15,0.11900000000000001,0.034,5.225,6,Nageia nagi_varimp.txt
bio_7,0.45399999999999996,0.627,0.171,0.419,0.7879999999999999,0.728,0.163,0.757,0.966,0.9590000000000001,0.14400000000000002,0.521,0.794,0.68,0.159,0.616,0.324,0.5579999999999999,0.245,0.024,2.2,1,Nageia nagi_varimp.txt
bio_12,0.08199999999999999,0.586,0.28800000000000003,0.316,0.016,0.003,0.26,0.239,0.042,0.261,0.311,0.39,0.051,0.565,0.20800000000000002,0.321,0.034,0.159,0.287,0.31,3.95,3,Nageia nagi_varimp.txt
bio_14,0.276,0.083,0.249,0.11,0.7190000000000001,0.44,0.154,0.087,0.687,0.369,0.336,0.062,0.218,0.272,0.157,0.028999999999999998,0.541,0.40299999999999997,0.22399999999999998,0.053,3.975,4,Nageia nagi_varimp.txt
bio_15,0.11,0.138,0.111,0.025,0.011000000000000001,0.125,0.1,0.077,0.06,0.28300000000000003,0.09699999999999999,0.174,0.154,0.04,0.099,0.21899999999999997,0.124,0.165,0.125,0.126,5.4,7,Nageia nagi_varimp.txt
DEM_ele,0.35,0.48700000000000004,0.07,0.406,0.574,0.5820000000000001,0.057999999999999996,0.636,0.764,0.659,0.054000000000000006,0.35,0.46,0.526,0.07,0.37200000000000005,0.242,0.324,0.055999999999999994,0.25,3.8,2,Nageia nagi_varimp.txt
DEM_aspect,0.001,0.004,0.021,0.009000000000000001,0.0,0.016,0.012,0.003,0.005,0.003,0.018000000000000002,0.001,0.003,0.011000000000000001,0.011000000000000001,0.001,0.027999999999999997,0.031,0.011000000000000001,0.003,8.6,9,Nageia nagi_varimp.txt
DEM_slope,0.051,0.063,0.024,0.001,0.02,0.031,0.02,0.006999999999999999,0.038,0.05,0.027000000000000003,0.006,0.040999999999999995,0.051,0.034,0.02,0.024,0.032,0.03,0.002,7.6,8,Nageia nagi_varimp.txt
bio_1,0.0,0.934,0.375,0.0,0.161,0.919,0.233,0.0,1.0,0.9159999999999999,0.095,0.0,0.991,,0.149,0.0,0.9940000000000001,0.8690000000000001,0.222,0.0,3.675,2,Nauclea officinalis_varimp.txt
bio_2,0.0,0.865,0.021,0.106,0.0,0.912,0.037000000000000005,0.239,0.0,0.912,0.022000000000000002,0.276,0.0,,0.05,0.36200000000000004,0.0,0.655,0.013000000000000001,0.111,5.25,6,Nauclea officinalis_varimp.txt
bio_7,0.941,1.0,0.039,0.8290000000000001,0.9109999999999999,0.9790000000000001,0.049,0.768,0.0,1.0,0.14800000000000002,0.7559999999999999,0.0,,0.163,0.8320000000000001,0.0,1.0,0.121,0.885,2.525,1,Nauclea officinalis_varimp.txt
bio_12,0.0,0.48700000000000004,0.124,0.0,0.7090000000000001,0.927,0.19,0.001,0.0,0.9209999999999999,0.121,0.0,0.0,,0.066,0.0,0.0,0.561,0.086,0.0,5.075,5,Nauclea officinalis_varimp.txt
bio_14,0.721,0.91,0.095,0.0,0.006999999999999999,0.965,0.171,0.0,0.0,0.897,0.13699999999999998,0.0,0.0,,0.064,0.0,0.0,0.9179999999999999,0.018000000000000002,0.0,4.95,4,Nauclea officinalis_varimp.txt
bio_15,0.253,0.738,0.063,0.0,0.486,0.914,0.113,0.0,0.0,0.888,0.08199999999999999,0.0,0.115,,0.036000000000000004,0.0,0.0,0.763,0.003,0.0,5.75,7,Nauclea officinalis_varimp.txt
DEM_ele,0.0,0.99,0.04,0.10300000000000001,0.0,0.9540000000000001,0.062,0.038,0.055999999999999994,0.823,0.106,0.040999999999999995,0.08199999999999999,,0.10099999999999999,0.012,0.08199999999999999,0.561,0.028999999999999998,0.015,4.3,3,Nauclea officinalis_varimp.txt
DEM_aspect,0.0,0.54,0.023,0.0,0.0,0.40299999999999997,0.022000000000000002,0.0,0.0,0.727,0.02,0.0,0.0,,0.01,0.011000000000000001,0.129,0.522,0.02,0.0,7.0,9,Nauclea officinalis_varimp.txt
DEM_slope,0.6579999999999999,0.7040000000000001,0.01,0.0,0.0,0.665,0.013999999999999999,0.0,0.042,0.5529999999999999,0.027000000000000003,0.0,0.035,,0.004,0.006,0.046,0.7140000000000001,0.011000000000000001,0.037000000000000005,6.475,8,Nauclea officinalis_varimp.txt
bio_1,0.0,0.7609999999999999,0.005,0.0,0.759,0.988,0.002,0.0,0.0,0.858,0.003,0.0,0.6920000000000001,0.982,0.004,0.0,0.5,0.607,0.008,0.0,5.4,5,Ormosia formosana_varimp.txt
bio_2,0.0,0.9209999999999999,0.065,0.518,0.0,0.934,0.105,0.536,0.0,0.684,0.08800000000000001,0.5670000000000001,0.0,0.8859999999999999,0.073,0.22,0.945,1.0,0.046,0.345,3.525,3,Ormosia formosana_varimp.txt
bio_7,0.0,0.721,0.077,0.667,0.5920000000000001,0.777,0.066,0.799,0.0,0.885,0.16,0.836,0.47200000000000003,0.535,0.091,0.743,0.0,0.825,0.054000000000000006,0.626,3.2,2,Ormosia formosana_varimp.txt
bio_12,0.998,1.0,0.198,0.222,0.835,1.0,0.027000000000000003,0.136,0.995,1.0,0.047,0.004,1.0,0.988,0.17800000000000002,0.363,1.0,1.0,0.253,0.293,1.875,1,Ormosia formosana_varimp.txt
bio_14,0.0,0.604,0.06,0.0,0.27899999999999997,0.495,0.18,0.006,0.0,0.42200000000000004,0.061,0.0,0.0,0.45299999999999996,0.062,0.0,0.0,0.53,0.11599999999999999,0.039,5.475,7,Ormosia formosana_varimp.txt
bio_15,0.0,0.541,0.01,0.0,0.41100000000000003,0.927,0.019,0.149,0.0,0.757,0.016,0.013999999999999999,0.028999999999999998,0.805,0.008,0.07400000000000001,0.0,0.297,0.031,0.006999999999999999,5.325,4,Ormosia formosana_varimp.txt
DEM_ele,0.0,0.855,0.021,0.0,0.0,0.9470000000000001,0.008,0.0,0.0,0.853,0.008,0.001,0.0,0.8640000000000001,0.011000000000000001,0.0,0.725,0.833,0.01,0.0,5.475,7,Ormosia formosana_varimp.txt
DEM_aspect,0.0,0.27,0.011000000000000001,0.0,0.0,0.0,0.001,0.0,0.0,0.071,0.001,0.0,0.042,0.037000000000000005,0.001,0.002,0.11800000000000001,0.005,0.001,0.0,7.425,9,Ormosia formosana_varimp.txt
DEM_slope,0.0,0.531,0.002,0.0,0.126,0.21,0.001,0.0,0.0,0.217,0.001,0.0,0.024,0.177,0.001,0.0,0.273,0.294,0.001,0.006,7.3,8,Ormosia formosana_varimp.txt
bio_1,0.0,0.537,0.15,0.40299999999999997,0.0,0.698,0.496,0.446,0.0,0.98,0.363,0.439,0.998,,0.5720000000000001,0.8690000000000001,0.591,0.435,0.41700000000000004,0.784,2.7,1,Ormosia glaberrima_varimp.txt
bio_2,0.589,0.996,0.051,0.222,0.0,0.782,0.07200000000000001,0.071,0.0,0.852,0.059000000000000004,0.12,0.0,,0.052000000000000005,0.07400000000000001,0.0,0.856,0.028999999999999998,0.006999999999999999,4.725,4,Ormosia glaberrima_varimp.txt
bio_7,0.213,0.8690000000000001,0.136,0.0,0.0,0.9,0.295,0.038,0.574,0.981,0.248,0.0,0.431,,0.259,0.0,0.607,0.904,0.2,0.0,3.7,3,Ormosia glaberrima_varimp.txt
bio_12,0.68,0.757,0.226,0.163,0.9790000000000001,0.778,0.196,0.07200000000000001,0.455,0.831,0.253,0.149,0.644,,0.10400000000000001,0.0,0.34,0.718,0.07200000000000001,0.012,3.075,2,Ormosia glaberrima_varimp.txt
bio_14,0.0,0.515,0.228,0.001,0.0,0.177,0.22,0.022000000000000002,0.281,0.562,0.19399999999999998,0.021,0.0,,0.071,0.059000000000000004,0.726,0.363,0.179,0.009000000000000001,4.95,5,Ormosia glaberrima_varimp.txt
bio_15,0.001,0.506,0.098,0.0,0.006,0.345,0.094,0.0,0.0,0.823,0.10099999999999999,0.0,0.203,,0.031,0.0,0.6629999999999999,0.505,0.109,0.0,5.85,6,Ormosia glaberrima_varimp.txt
DEM_ele,0.0,0.423,0.043,0.0,0.0,0.35100000000000003,0.07200000000000001,0.0,0.0,0.455,0.068,0.0,0.56,,0.071,0.41200000000000003,0.19899999999999998,0.519,0.032,0.13,5.95,7,Ormosia glaberrima_varimp.txt
DEM_aspect,0.0,0.534,0.071,0.0,0.0,0.252,0.04,0.0,0.0,0.331,0.022000000000000002,0.0,0.297,,0.052000000000000005,0.0,0.12300000000000001,0.257,0.059000000000000004,0.003,7.15,9,Ormosia glaberrima_varimp.txt
DEM_slope,0.0,0.39899999999999997,0.02,0.046,0.0,0.322,0.033,0.071,0.278,0.366,0.024,0.08800000000000001,0.24100000000000002,,0.023,0.115,0.0,0.273,0.01,0.002,6.9,8,Ormosia glaberrima_varimp.txt
bio_1,0.5429999999999999,0.615,0.324,0.359,0.364,0.501,0.244,0.35100000000000003,0.501,0.5770000000000001,0.233,0.48700000000000004,0.451,0.605,0.36200000000000004,0.7509999999999999,0.086,0.377,0.32799999999999996,0.6890000000000001,3.2,2,Ormosia henryi_varimp.txt
bio_2,0.493,0.542,0.341,0.16699999999999998,0.46,0.546,0.384,0.049,0.354,0.49700000000000005,0.431,0.126,0.461,0.565,0.435,0.051,0.281,0.474,0.37799999999999995,0.126,3.35,3,Ormosia henryi_varimp.txt
bio_7,0.028999999999999998,0.46799999999999997,0.355,0.107,0.0,0.565,0.35200000000000004,0.141,0.209,0.544,0.376,0.152,0.059000000000000004,0.41,0.41,0.207,0.45799999999999996,0.27899999999999997,0.402,0.308,4.0,4,Ormosia henryi_varimp.txt
bio_12,0.7070000000000001,0.672,0.423,0.938,0.746,0.374,0.575,0.9640000000000001,0.7190000000000001,0.6970000000000001,0.469,0.8959999999999999,0.705,0.6629999999999999,0.43700000000000006,0.915,0.765,0.883,0.534,0.9740000000000001,1.2,1,Ormosia henryi_varimp.txt
bio_14,0.01,0.122,0.325,0.14300000000000002,0.044000000000000004,0.01,0.315,0.001,0.098,0.138,0.49,0.076,0.0,0.152,0.32,0.002,0.195,0.149,0.433,0.001,6.0,6,Ormosia henryi_varimp.txt
bio_15,0.174,0.071,0.076,0.069,0.217,0.17300000000000001,0.07200000000000001,0.149,0.409,0.33,0.07200000000000001,0.198,0.17300000000000001,0.132,0.07200000000000001,0.07,0.41600000000000004,0.426,0.077,0.303,5.0,5,Ormosia henryi_varimp.txt
DEM_ele,0.076,0.024,0.05,0.0,0.192,0.27699999999999997,0.09300000000000001,0.0,0.266,0.3,0.061,0.043,0.146,0.207,0.055999999999999994,0.0,0.38299999999999995,0.263,0.061,0.0,6.775,7,Ormosia henryi_varimp.txt
DEM_aspect,0.012,0.011000000000000001,0.021,0.027000000000000003,0.01,0.025,0.012,0.004,0.02,0.019,0.023,0.019,0.005,0.012,0.018000000000000002,0.004,0.006,0.006,0.019,0.02,8.3,9,Ormosia henryi_varimp.txt
DEM_slope,0.022000000000000002,0.08199999999999999,0.057999999999999996,0.043,0.005,0.031,0.128,0.016,0.025,0.023,0.078,0.005,0.006,0.032,0.061,0.0,0.019,0.033,0.113,0.024,7.175,8,Ormosia henryi_varimp.txt
bio_1,0.0,0.841,0.22399999999999998,0.002,0.0,0.84,0.37,0.11699999999999999,0.0,0.8170000000000001,0.22899999999999998,0.23399999999999999,0.0,0.9,0.374,0.113,0.0,0.925,0.419,0.11,3.7,3,Ormosia hosiei_varimp.txt
bio_2,0.0,0.35100000000000003,0.544,0.02,0.0,0.535,0.535,0.002,0.0,0.444,0.5870000000000001,0.0,0.0,0.512,0.613,0.0,0.0,0.47600000000000003,0.552,0.05,4.275,4,Ormosia hosiei_varimp.txt
bio_7,0.998,0.877,0.619,0.585,0.0,0.799,0.523,0.436,0.0,0.7759999999999999,0.527,0.319,0.0,0.741,0.38299999999999995,0.17800000000000002,0.0,0.726,0.474,0.419,2.725,1,Ormosia hosiei_varimp.txt
bio_12,0.0,0.36700000000000005,0.623,0.034,1.0,0.358,0.727,0.039,0.9940000000000001,0.32899999999999996,0.715,0.017,1.0,0.042,0.7120000000000001,0.064,0.997,0.28,0.696,0.0,3.15,2,Ormosia hosiei_varimp.txt
bio_14,0.0,0.555,0.44799999999999995,0.0,0.033,0.126,0.46799999999999997,0.0,0.0,0.139,0.574,0.0,0.0,0.226,0.537,0.002,0.0,0.461,0.48200000000000004,0.0,5.425,5,Ormosia hosiei_varimp.txt
bio_15,0.0,0.354,0.265,0.0,0.0,0.37,0.273,0.0,0.0,0.287,0.122,0.013000000000000001,0.0,0.359,0.18600000000000003,0.059000000000000004,0.0,0.389,0.204,0.0,5.75,7,Ormosia hosiei_varimp.txt
DEM_ele,0.0,0.245,0.12,0.064,0.0,0.349,0.08199999999999999,0.003,0.0,0.272,0.127,0.001,0.0,0.39,0.114,0.0,0.0,0.462,0.14800000000000002,0.017,5.65,6,Ormosia hosiei_varimp.txt
DEM_aspect,0.0,0.03,0.013999999999999999,0.0,0.0,0.008,0.026000000000000002,0.001,0.0,0.052000000000000005,0.027000000000000003,0.0,0.0,0.05,0.033,0.0,0.0,0.040999999999999995,0.016,0.0,7.75,9,Ormosia hosiei_varimp.txt
DEM_slope,0.0,0.14400000000000002,0.07400000000000001,0.004,0.0,0.106,0.07200000000000001,0.018000000000000002,0.0,0.146,0.078,0.0,0.0,0.22699999999999998,0.09699999999999999,0.004,0.0,0.106,0.045,0.001,6.575,8,Ormosia hosiei_varimp.txt
bio_1,0.159,0.603,0.083,0.28300000000000003,0.449,0.49700000000000005,0.102,0.124,0.221,0.516,0.158,0.242,0.469,0.6990000000000001,0.174,0.359,0.48100000000000004,0.508,0.099,0.098,3.7,3,Phellodendron amurense_varimp.txt
bio_2,0.0,0.674,0.196,0.0,0.24,0.652,0.16899999999999998,0.0,0.0,0.696,0.303,0.0,0.376,0.5529999999999999,0.165,0.0,0.292,0.575,0.165,0.0,5.225,5,Phellodendron amurense_varimp.txt
bio_7,0.0,0.5589999999999999,0.653,0.0,0.0,0.434,0.514,0.0,0.0,0.305,0.735,0.0,0.0,0.47100000000000003,0.634,0.0,0.0,0.40299999999999997,0.621,0.01,5.25,6,Phellodendron amurense_varimp.txt
bio_12,0.0,0.5539999999999999,0.446,0.134,0.0,0.823,0.429,0.106,0.45,0.486,0.478,0.009000000000000001,0.0,0.7929999999999999,0.521,0.278,0.0,0.81,0.32799999999999996,0.054000000000000006,3.625,2,Phellodendron amurense_varimp.txt
bio_14,0.0,0.537,0.127,0.0,0.0,0.626,0.063,0.0,0.008,0.359,0.10099999999999999,0.0,0.059000000000000004,0.654,0.077,0.0,0.0,0.608,0.057,0.0,6.5,8,Phellodendron amurense_varimp.txt
bio_15,0.024,0.53,0.18100000000000002,0.036000000000000004,0.0,0.305,0.363,0.018000000000000002,0.0,0.087,0.231,0.013999999999999999,0.18600000000000003,0.46299999999999997,0.26899999999999996,0.006999999999999999,0.054000000000000006,0.40399999999999997,0.409,0.102,5.1,4,Phellodendron amurense_varimp.txt
DEM_ele,0.996,0.5579999999999999,0.19699999999999998,0.9490000000000001,0.758,0.768,0.271,0.889,0.7,0.818,0.353,1.0,0.66,0.6940000000000001,0.28300000000000003,0.7509999999999999,0.7040000000000001,0.757,0.315,0.977,2.0,1,Phellodendron amurense_varimp.txt
DEM_aspect,0.0,0.165,0.028999999999999998,0.004,0.0,0.154,0.025,0.0,0.0,0.106,0.061,0.019,0.0,0.153,0.025,0.006999999999999999,0.0,0.163,0.027999999999999997,0.005,7.5,9,Phellodendron amurense_varimp.txt
DEM_slope,0.0,0.09,0.209,0.05,0.0,0.08900000000000001,0.11599999999999999,0.015,0.0,0.231,0.188,0.12300000000000001,0.0,0.153,0.204,0.013999999999999999,0.0,0.149,0.26,0.079,6.1,7,Phellodendron amurense_varimp.txt
bio_1,0.0,0.46799999999999997,0.37799999999999995,0.0,0.233,0.153,0.233,0.0,0.28,0.524,0.301,0.10300000000000001,0.0,0.067,0.267,0.031,0.519,0.508,0.312,0.008,5.35,6,Phoebe bournei_varimp.txt
bio_2,0.16899999999999998,0.20600000000000002,0.39299999999999996,0.059000000000000004,0.397,0.355,0.396,0.004,0.057999999999999996,0.523,0.321,0.002,0.008,0.49,0.402,0.013999999999999999,0.503,0.589,0.402,0.114,4.225,5,Phoebe bournei_varimp.txt
bio_7,0.332,0.894,0.292,0.233,0.7559999999999999,0.753,0.281,0.1,0.537,0.7090000000000001,0.342,0.168,0.59,0.696,0.337,0.031,0.583,0.725,0.317,0.21600000000000003,2.45,1,Phoebe bournei_varimp.txt
bio_12,0.013999999999999999,0.237,0.35200000000000004,0.091,0.0,0.655,0.38799999999999996,0.379,0.634,0.354,0.479,0.495,0.107,0.392,0.424,0.425,0.619,0.39899999999999997,0.365,0.261,3.2,2,Phoebe bournei_varimp.txt
bio_14,0.289,0.016,0.375,0.233,0.7090000000000001,0.5489999999999999,0.5660000000000001,0.384,0.309,0.02,0.35700000000000004,0.08800000000000001,0.23199999999999998,0.035,0.52,0.335,0.43799999999999994,0.365,0.629,0.6659999999999999,3.475,3,Phoebe bournei_varimp.txt
bio_15,0.0,0.263,0.157,0.0,0.087,0.188,0.107,0.004,0.111,0.23800000000000002,0.153,0.003,0.0,0.109,0.122,0.0,0.19,0.281,0.191,0.011000000000000001,6.425,7,Phoebe bournei_varimp.txt
DEM_ele,0.294,0.405,0.079,0.172,0.579,0.39299999999999996,0.071,0.185,0.326,0.28800000000000003,0.042,0.16,0.268,0.326,0.044000000000000004,0.19,0.611,0.586,0.038,0.306,4.2,4,Phoebe bournei_varimp.txt
DEM_aspect,0.01,0.047,0.022000000000000002,0.001,0.002,0.003,0.04,0.004,0.004,0.01,0.035,0.0,0.005,0.021,0.040999999999999995,0.0,0.016,0.022000000000000002,0.015,0.0,8.3,9,Phoebe bournei_varimp.txt
DEM_slope,0.045,0.046,0.042,0.049,0.022000000000000002,0.013999999999999999,0.092,0.001,0.031,0.035,0.052000000000000005,0.002,0.006999999999999999,0.016,0.053,0.0,0.032,0.036000000000000004,0.046,0.001,7.375,8,Phoebe bournei_varimp.txt
bio_1,0.0,0.773,0.44799999999999995,0.9420000000000001,0.0,0.81,0.527,0.861,0.6459999999999999,0.9059999999999999,0.46399999999999997,0.9259999999999999,0.0,0.695,0.512,0.381,0.0,0.847,0.57,0.6779999999999999,3.4,2,Phoebe chekiangensis_varimp.txt
bio_2,0.41700000000000004,0.674,0.489,0.08,0.0,0.747,0.42200000000000004,0.0,0.645,0.711,0.48100000000000004,0.0,0.0,0.733,0.505,0.0,0.48700000000000004,0.873,0.38,0.0,4.875,5,Phoebe chekiangensis_varimp.txt
bio_7,0.0,0.7809999999999999,0.384,0.396,0.0,0.968,0.4,0.20600000000000002,0.0,0.946,0.35700000000000004,0.40299999999999997,0.0,0.853,0.33799999999999997,0.076,0.0,0.97,0.4,0.247,4.175,3,Phoebe chekiangensis_varimp.txt
bio_12,0.141,0.867,0.287,0.055999999999999994,0.0,0.726,0.244,0.321,0.0,0.745,0.307,0.218,0.871,0.835,0.401,0.255,0.0,0.73,0.529,0.325,4.425,4,Phoebe chekiangensis_varimp.txt
bio_14,1.0,0.406,0.633,0.77,0.8690000000000001,0.9279999999999999,0.5579999999999999,0.322,1.0,0.7090000000000001,0.59,0.743,0.0,0.9520000000000001,0.72,0.265,0.988,0.941,0.757,0.304,2.3,1,Phoebe chekiangensis_varimp.txt
bio_15,0.213,0.8690000000000001,0.205,0.0,0.0,0.6859999999999999,0.08800000000000001,0.0,0.596,0.887,0.139,0.013999999999999999,0.0,0.7440000000000001,0.127,0.0,0.617,0.627,0.11599999999999999,0.16699999999999998,5.5,6,Phoebe chekiangensis_varimp.txt
DEM_ele,0.0,0.665,0.038,0.36700000000000005,0.0,0.632,0.079,0.0,0.655,0.718,0.067,0.0,0.261,0.581,0.034,0.032,0.282,0.9620000000000001,0.031,0.0,5.925,7,Phoebe chekiangensis_varimp.txt
DEM_aspect,0.139,0.094,0.006999999999999999,0.002,0.18,0.09,0.016,0.008,0.262,0.114,0.017,0.04,0.0,0.293,0.013999999999999999,0.023,0.0,0.217,0.017,0.0,7.475,9,Phoebe chekiangensis_varimp.txt
DEM_slope,0.154,0.17800000000000002,0.022000000000000002,0.0,0.28,0.309,0.033,0.011000000000000001,0.423,0.474,0.032,0.04,0.0,0.20600000000000002,0.043,0.0,0.073,0.10099999999999999,0.03,0.0,6.925,8,Phoebe chekiangensis_varimp.txt
bio_1,0.0,0.97,0.6679999999999999,0.867,0.998,0.9990000000000001,0.654,0.8079999999999999,0.0,1.0,0.534,0.816,0.0,0.762,0.6409999999999999,0.7290000000000001,0.9990000000000001,0.831,0.47700000000000004,0.733,2.375,2,Phoebe puwenensis_varimp.txt
bio_2,0.0,0.8009999999999999,0.647,0.469,0.0,0.684,0.6609999999999999,0.34600000000000003,0.0,0.78,0.563,0.32899999999999996,0.0,0.754,0.574,0.18899999999999997,0.0,0.218,0.5479999999999999,0.105,4.0,3,Phoebe puwenensis_varimp.txt
bio_7,0.57,0.8759999999999999,0.5660000000000001,0.6970000000000001,0.0,0.769,0.535,0.753,1.0,0.81,0.626,0.7609999999999999,1.0,0.996,0.275,0.767,0.0,0.909,0.565,0.42700000000000005,2.325,1,Phoebe puwenensis_varimp.txt
bio_12,0.47600000000000003,0.765,0.612,0.07200000000000001,0.0,0.43,0.672,0.016,0.0,0.78,0.425,0.01,0.0,0.762,0.452,0.0,0.0,0.792,0.569,0.04,4.05,4,Phoebe puwenensis_varimp.txt
bio_14,0.0,0.529,0.124,0.0,0.0,0.574,0.14400000000000002,0.0,0.0,0.777,0.23600000000000002,0.0,0.0,0.826,0.081,0.0,0.0,0.575,0.3,0.0,6.0,6,Phoebe puwenensis_varimp.txt
bio_15,0.0,0.636,0.051,0.0,0.0,0.154,0.036000000000000004,0.0,0.0,0.6920000000000001,0.033,0.0,0.0,0.436,0.057,0.0,0.0,0.624,0.027999999999999997,0.0,6.775,7,Phoebe puwenensis_varimp.txt
DEM_ele,0.0,0.746,0.207,0.0,0.0,0.723,0.221,0.0,0.0,0.777,0.212,0.0,0.0,0.841,0.13,0.0,0.0,0.6659999999999999,0.168,0.0,5.6,5,Phoebe puwenensis_varimp.txt
DEM_aspect,0.0,0.33399999999999996,0.011000000000000001,0.002,0.0,0.425,0.03,0.0,0.0,0.32799999999999996,0.008,0.0,0.0,0.321,0.053,0.017,0.0,0.365,0.036000000000000004,0.01,6.85,8,Phoebe puwenensis_varimp.txt
DEM_slope,0.073,0.151,0.011000000000000001,0.0,0.008,0.21600000000000003,0.013000000000000001,0.0,0.096,0.361,0.013000000000000001,0.0,0.0,0.166,0.027999999999999997,0.0,0.0,0.121,0.013999999999999999,0.0,7.025,9,Phoebe puwenensis_varimp.txt
bio_1,0.0,0.649,0.27899999999999997,0.045,0.0,0.23600000000000002,0.257,0.021,0.0,,0.446,0.0,0.0,0.8270000000000001,0.247,0.053,0.3,0.645,0.41600000000000004,0.040999999999999995,4.1,4,Phoebe zhennan_varimp.txt
bio_2,0.0,0.5820000000000001,0.07200000000000001,0.0,0.0,0.45,0.174,0.0,0.0,,0.086,0.0,0.0,0.601,0.06,0.0,0.0,0.609,0.064,0.0,6.1,6,Phoebe zhennan_varimp.txt
bio_7,0.0,0.887,0.40299999999999997,1.0,1.0,1.0,0.475,1.0,0.988,,0.48200000000000004,1.0,0.0,0.9440000000000001,0.556,1.0,0.0,0.9159999999999999,0.56,1.0,2.15,1,Phoebe zhennan_varimp.txt
bio_12,1.0,0.568,0.45399999999999996,0.063,0.0,0.452,0.28,0.02,0.0,,0.247,0.035,0.995,0.71,0.273,0.095,0.804,0.579,0.304,0.057999999999999996,3.5,2,Phoebe zhennan_varimp.txt
bio_14,0.0,0.132,0.185,0.021,0.0,0.042,0.2,0.0,0.0,,0.228,0.0,0.0,0.27899999999999997,0.273,0.0,0.061,0.239,0.23399999999999999,0.0,6.175,7,Phoebe zhennan_varimp.txt
bio_15,0.068,0.446,0.51,0.0,0.005,0.365,0.633,0.075,0.0,,0.731,0.153,0.0,0.726,0.667,0.14,0.004,0.48200000000000004,0.547,0.035,3.55,3,Phoebe zhennan_varimp.txt
DEM_ele,0.0,0.37799999999999995,0.11599999999999999,0.607,0.0,0.5920000000000001,0.068,0.413,0.0,,0.064,0.37799999999999995,0.0,0.489,0.063,0.6409999999999999,0.0,0.39899999999999997,0.073,0.583,5.075,5,Phoebe zhennan_varimp.txt
DEM_aspect,0.008,0.081,0.01,0.0,0.0,0.08800000000000001,0.016,0.0,0.0,,0.047,0.05,0.0,0.182,0.013000000000000001,0.005,0.0,0.087,0.023,0.001,7.275,9,Phoebe zhennan_varimp.txt
DEM_slope,0.0,0.153,0.111,0.023,0.0,0.136,0.046,0.0,0.0,,0.069,0.0,0.0,0.013999999999999999,0.094,0.001,0.0,0.096,0.042,0.0,7.075,8,Phoebe zhennan_varimp.txt
bio_1,0.467,0.317,0.10800000000000001,0.313,0.35100000000000003,0.36,0.429,0.006999999999999999,0.0,0.46799999999999997,0.44299999999999995,0.019,0.536,0.10400000000000001,0.545,0.25,0.0,0.295,0.665,0.011000000000000001,4.55,4,Picea meyeri_varimp.txt
bio_2,0.0,0.36700000000000005,0.128,0.047,0.163,0.42,0.14,0.0,0.0,0.44,0.055,0.001,0.0,0.22899999999999998,0.1,0.0,0.0,0.434,0.11800000000000001,0.053,6.15,7,Picea meyeri_varimp.txt
bio_7,0.46299999999999997,0.455,0.414,0.37,0.8370000000000001,0.575,0.21100000000000002,0.35100000000000003,0.504,0.685,0.284,0.354,0.0,0.731,0.387,0.49,0.38,0.531,0.376,0.349,2.5,1,Picea meyeri_varimp.txt
bio_12,0.6459999999999999,0.436,0.244,0.20800000000000002,0.0,0.37,0.20600000000000002,0.004,0.392,0.629,0.196,0.152,0.0,0.7829999999999999,0.23199999999999998,0.32899999999999996,0.937,0.662,0.29,0.15,3.575,3,Picea meyeri_varimp.txt
bio_14,0.0,0.201,0.134,0.179,0.0,0.239,0.22699999999999998,0.8140000000000001,0.8029999999999999,0.5539999999999999,0.11699999999999999,0.863,0.0,0.36200000000000004,0.057,0.079,0.0,0.257,0.12300000000000001,0.526,4.75,5,Picea meyeri_varimp.txt
bio_15,0.0,0.107,0.08,0.091,0.0,0.042,0.406,0.067,0.016,0.223,0.61,0.14400000000000002,0.637,0.293,0.677,0.259,0.005,0.13,0.72,0.054000000000000006,4.875,6,Picea meyeri_varimp.txt
DEM_ele,0.735,0.282,0.256,0.725,0.0,0.336,0.14300000000000002,0.597,0.473,0.5820000000000001,0.171,0.615,0.0,0.408,0.223,0.7509999999999999,0.632,0.34299999999999997,0.21600000000000003,0.698,3.425,2,Picea meyeri_varimp.txt
DEM_aspect,0.0,0.06,0.03,0.0,0.0,0.068,0.063,0.013999999999999999,0.0,0.08199999999999999,0.079,0.0,0.0,0.073,0.055,0.006,0.0,0.07400000000000001,0.064,0.0,7.925,9,Picea meyeri_varimp.txt
DEM_slope,0.0,0.146,0.027999999999999997,0.034,0.0,0.175,0.013999999999999999,0.166,0.0,0.196,0.036000000000000004,0.11900000000000001,0.0,0.20600000000000002,0.011000000000000001,0.038,0.059000000000000004,0.11,0.025,0.040999999999999995,7.25,8,Picea meyeri_varimp.txt
bio_1,0.882,0.951,0.017,0.8759999999999999,0.753,0.951,0.027999999999999997,0.8420000000000001,0.158,0.9570000000000001,0.038,0.7979999999999999,0.812,0.823,0.027000000000000003,0.0,0.0,0.943,0.023,0.124,4.05,3,Picea morrisonicola_varimp.txt
bio_2,0.0,0.915,0.03,0.0,0.10400000000000001,0.67,0.033,0.0,0.0,0.9229999999999999,0.049,0.198,0.0,1.0,0.055999999999999994,0.0,0.775,0.882,0.035,0.251,5.05,5,Picea morrisonicola_varimp.txt
bio_7,0.902,1.0,0.033,0.23600000000000002,0.13699999999999998,1.0,0.032,0.904,0.696,1.0,0.032,0.292,0.9990000000000001,1.0,0.122,1.0,0.8029999999999999,1.0,0.027999999999999997,0.32,2.35,1,Picea morrisonicola_varimp.txt
bio_12,0.736,0.395,0.168,0.963,1.0,0.244,0.11699999999999999,0.9,0.299,0.205,0.07,0.977,0.11,0.34700000000000003,0.126,0.6779999999999999,0.99,0.46299999999999997,0.16699999999999998,1.0,3.3,2,Picea morrisonicola_varimp.txt
bio_14,0.54,1.0,0.076,0.091,0.0,0.607,0.192,0.0,0.474,0.7120000000000001,0.239,0.038,0.0,0.401,0.036000000000000004,0.085,0.096,0.317,0.114,0.0,5.1,6,Picea morrisonicola_varimp.txt
bio_15,0.0,0.133,0.003,0.364,0.147,0.36700000000000005,0.002,0.222,0.6629999999999999,0.47600000000000003,0.002,0.15,0.0,0.759,0.001,0.21100000000000002,0.0,0.754,0.004,0.183,6.05,7,Picea morrisonicola_varimp.txt
DEM_ele,0.873,0.973,0.017,0.146,0.019,0.961,0.015,0.111,0.0,0.961,0.013999999999999999,0.248,0.0,0.335,0.027999999999999997,0.875,0.121,0.9109999999999999,0.013000000000000001,0.7090000000000001,4.675,4,Picea morrisonicola_varimp.txt
DEM_aspect,0.0,0.0,0.001,0.32,0.405,0.386,0.0,0.1,0.0,0.0,0.001,0.155,0.26,0.067,0.0,0.125,0.0,0.308,0.002,0.11800000000000001,7.275,9,Picea morrisonicola_varimp.txt
DEM_slope,0.262,0.488,0.002,0.0,0.0,0.461,0.001,0.057999999999999996,0.01,0.491,0.001,0.18899999999999997,0.0,0.17300000000000001,0.003,0.065,0.078,0.521,0.001,0.0,7.15,8,Picea morrisonicola_varimp.txt
bio_1,0.0,0.623,0.155,0.145,0.0,0.6609999999999999,0.21100000000000002,0.067,0.0,0.778,0.327,0.413,0.0,0.747,0.27899999999999997,0.46,0.0,0.629,0.248,0.032,4.6,5,Picea neoveitchii_varimp.txt
bio_2,0.493,0.593,0.16,0.0,0.134,0.657,0.203,0.0,0.0,0.763,0.17800000000000002,0.0,0.0,0.7509999999999999,0.098,0.0,0.9129999999999999,0.648,0.16399999999999998,0.466,5.025,7,Picea neoveitchii_varimp.txt
bio_7,0.0,0.742,0.222,0.247,0.0,0.732,0.145,0.168,0.0,0.8290000000000001,0.265,0.38799999999999996,0.0,0.9259999999999999,0.259,0.642,0.0,0.684,0.233,0.08199999999999999,4.0,2,Picea neoveitchii_varimp.txt
bio_12,0.0,0.862,0.426,0.0,0.943,0.878,0.415,0.012,0.0,0.865,0.41600000000000004,0.011000000000000001,0.0,0.737,0.391,0.0,0.0,0.955,0.5770000000000001,0.0,3.95,1,Picea neoveitchii_varimp.txt
bio_14,0.0,0.7340000000000001,0.308,0.081,0.0,0.679,0.174,0.057,0.0,0.762,0.301,0.192,0.0,0.8009999999999999,0.321,0.191,0.0,0.773,0.392,0.317,4.3,3,Picea neoveitchii_varimp.txt
bio_15,0.0,0.381,0.057999999999999996,0.0,0.0,0.46,0.062,0.0,0.0,0.626,0.044000000000000004,0.0,0.0,0.551,0.094,0.0,0.0,0.741,0.081,0.16899999999999998,6.925,8,Picea neoveitchii_varimp.txt
DEM_ele,0.0,0.62,0.094,1.0,0.19699999999999998,0.631,0.085,1.0,0.0,0.7959999999999999,0.153,0.8640000000000001,0.0,0.892,0.165,0.807,0.0,0.627,0.11599999999999999,0.325,4.425,4,Picea neoveitchii_varimp.txt
DEM_aspect,0.049,0.22899999999999998,0.03,0.013999999999999999,0.005,0.145,0.035,0.021,0.0,0.19699999999999998,0.037000000000000005,0.02,0.0,0.157,0.042,0.0,0.07,0.305,0.03,0.034,7.125,9,Picea neoveitchii_varimp.txt
DEM_slope,0.376,0.27399999999999997,0.376,0.198,0.052000000000000005,0.251,0.156,0.11900000000000001,0.998,0.233,0.32899999999999996,0.201,0.998,0.278,0.42,0.02,0.0,0.41200000000000003,0.154,0.001,4.65,6,Picea neoveitchii_varimp.txt
bio_1,0.846,0.439,0.655,0.29600000000000004,0.7240000000000001,0.307,0.585,0.321,0.0,0.494,0.49,0.242,0.0,0.261,0.5329999999999999,0.027999999999999997,0.0,0.32,0.574,0.32,3.525,4,Pinus bungeana_varimp.txt
bio_2,0.0,0.377,0.31,0.226,0.0,0.439,0.36700000000000005,0.27699999999999997,0.0,0.451,0.32899999999999996,0.052000000000000005,0.0,0.287,0.225,0.0,0.9990000000000001,0.361,0.3,0.20800000000000002,5.15,5,Pinus bungeana_varimp.txt
bio_7,0.0,0.764,0.456,0.807,0.0,0.872,0.406,0.828,0.732,0.868,0.376,0.797,0.6679999999999999,0.775,0.27699999999999997,0.792,0.0,0.797,0.386,0.782,2.6,1,Pinus bungeana_varimp.txt
bio_12,0.504,0.7979999999999999,0.591,0.428,0.465,0.723,0.409,0.177,0.051,0.743,0.444,0.38,0.401,0.738,0.324,0.555,0.0,0.79,0.36700000000000005,0.29600000000000004,2.875,2,Pinus bungeana_varimp.txt
bio_14,0.0,0.43,0.313,0.002,0.0,0.435,0.36200000000000004,0.05,0.0,0.39299999999999996,0.138,0.040999999999999995,0.0,0.408,0.42700000000000005,0.0,0.0,0.484,0.41200000000000003,0.025,5.525,6,Pinus bungeana_varimp.txt
bio_15,0.0,0.304,0.151,0.001,0.0,0.237,0.064,0.0,0.0,0.29100000000000004,0.08900000000000001,0.002,0.0,0.138,0.263,0.022000000000000002,0.0,0.14800000000000002,0.092,0.001,7.075,8,Pinus bungeana_varimp.txt
DEM_ele,0.0,0.633,0.261,0.9540000000000001,0.0,0.773,0.335,0.983,0.616,0.856,0.209,0.9740000000000001,0.59,0.619,0.196,0.863,0.0,0.6559999999999999,0.20800000000000002,0.9420000000000001,3.5,3,Pinus bungeana_varimp.txt
DEM_aspect,0.0,0.018000000000000002,0.038,0.001,0.0,0.036000000000000004,0.035,0.006,0.0,0.008,0.066,0.003,0.0,0.036000000000000004,0.055999999999999994,0.001,0.0,0.033,0.10400000000000001,0.002,7.925,9,Pinus bungeana_varimp.txt
DEM_slope,0.0,0.086,0.055,0.091,0.131,0.11599999999999999,0.055,0.069,0.0,0.065,0.077,0.047,0.0,0.114,0.066,0.037000000000000005,0.0,0.084,0.034,0.06,6.825,7,Pinus bungeana_varimp.txt
bio_1,0.0,0.723,0.14800000000000002,0.017,0.0,0.675,0.225,0.061,0.0,,0.214,0.418,0.0,0.7340000000000001,0.25,0.165,0.0,0.778,0.184,0.032,4.6,4,Pinus kesiya_varimp.txt
bio_2,0.0,0.68,0.424,0.049,0.35600000000000004,0.535,0.455,0.19899999999999998,0.179,,0.618,0.257,0.034,0.425,0.627,0.253,0.39299999999999996,0.7759999999999999,0.47200000000000003,0.109,3.175,2,Pinus kesiya_varimp.txt
bio_7,0.9279999999999999,0.775,0.433,1.0,1.0,0.9840000000000001,0.597,1.0,1.0,,0.51,0.919,0.982,0.998,0.813,1.0,1.0,0.996,0.772,1.0,1.3,1,Pinus kesiya_varimp.txt
bio_12,0.18100000000000002,0.889,0.39,0.021,0.0,0.78,0.15,0.0,0.0,,0.574,0.019,0.016,0.657,0.493,0.0,0.0,0.879,0.41700000000000004,0.0,4.35,3,Pinus kesiya_varimp.txt
bio_14,0.0,0.17800000000000002,0.19699999999999998,0.005,0.0,0.917,0.114,0.0,0.013999999999999999,,0.19899999999999998,0.0,0.0,0.535,0.11599999999999999,0.0,0.22699999999999998,0.867,0.109,0.0,5.7,5,Pinus kesiya_varimp.txt
bio_15,0.0,0.777,0.055,0.0,0.0,0.69,0.040999999999999995,0.0,0.062,,0.067,0.0,0.0,0.7120000000000001,0.07200000000000001,0.0,0.004,0.846,0.02,0.0,6.175,7,Pinus kesiya_varimp.txt
DEM_ele,0.0,0.525,0.263,0.0,0.0,0.746,0.24,0.0,0.0,,0.17,0.0,0.0,0.534,0.10099999999999999,0.0,0.0,0.7659999999999999,0.16,0.0,6.375,8,Pinus kesiya_varimp.txt
DEM_aspect,0.0,0.326,0.006,0.0,0.107,0.301,0.008,0.0,0.106,,0.024,0.015,0.45399999999999996,0.5489999999999999,0.07400000000000001,0.239,0.175,0.6,0.085,0.023,6.025,6,Pinus kesiya_varimp.txt
DEM_slope,0.001,0.121,0.017,0.0,0.0,0.05,0.01,0.0,0.016,,0.023,0.0,0.0,0.258,0.009000000000000001,0.052000000000000005,0.099,0.552,0.006,0.001,7.3,9,Pinus kesiya_varimp.txt
bio_1,0.0,0.946,0.147,0.583,0.0,0.902,0.2,0.552,0.0,0.9009999999999999,0.214,0.28,0.0,0.6559999999999999,0.162,0.24,0.0,0.8079999999999999,0.205,0.293,3.925,3,Pinus koraiensis_varimp.txt
bio_2,0.0,0.848,0.154,0.0,0.0,0.757,0.113,0.0,0.0,0.9259999999999999,0.121,0.0,0.6509999999999999,0.848,0.09300000000000001,0.0,0.18,0.754,0.106,0.0,5.1,5,Pinus koraiensis_varimp.txt
bio_7,0.48700000000000004,0.987,0.6920000000000001,0.0,0.9990000000000001,0.9990000000000001,0.77,0.011000000000000001,0.889,0.945,0.629,0.0,0.7979999999999999,0.9490000000000001,0.608,0.0,0.7120000000000001,0.888,0.654,0.0,2.725,2,Pinus koraiensis_varimp.txt
bio_12,0.9490000000000001,1.0,0.613,0.38799999999999996,0.0,0.985,0.7040000000000001,0.444,0.0,0.9840000000000001,0.5329999999999999,0.083,0.0,0.98,0.5589999999999999,0.092,0.9109999999999999,0.973,0.521,0.084,2.55,1,Pinus koraiensis_varimp.txt
bio_14,0.0,0.701,0.094,0.242,0.0,0.847,0.063,0.265,0.0,0.8320000000000001,0.142,0.0,0.0,0.8740000000000001,0.096,0.0,0.455,0.91,0.049,0.0,5.275,6,Pinus koraiensis_varimp.txt
bio_15,0.0,0.489,0.106,0.0,0.0,0.545,0.10300000000000001,0.0,0.293,0.503,0.045,0.0,0.001,0.495,0.027000000000000003,0.0,0.0,0.601,0.055999999999999994,0.0,6.475,7,Pinus koraiensis_varimp.txt
DEM_ele,0.0,0.7090000000000001,0.086,0.845,0.0,0.736,0.057999999999999996,0.7759999999999999,0.0,0.888,0.11199999999999999,1.0,0.0,0.799,0.09300000000000001,1.0,0.0,0.9159999999999999,0.109,1.0,4.55,4,Pinus koraiensis_varimp.txt
DEM_aspect,0.0,0.524,0.1,0.0,0.0,0.499,0.08900000000000001,0.0,0.0,0.332,0.021,0.0,0.0,0.5710000000000001,0.02,0.0,0.026000000000000002,0.183,0.017,0.0,7.225,9,Pinus koraiensis_varimp.txt
DEM_slope,0.0,0.605,0.018000000000000002,0.0,0.0,0.5820000000000001,0.018000000000000002,0.0,0.0,0.616,0.021,0.0,0.0,0.59,0.027000000000000003,0.0,0.0,0.5660000000000001,0.022000000000000002,0.0,7.175,8,Pinus koraiensis_varimp.txt
bio_1,0.5670000000000001,,0.02,0.027999999999999997,0.529,0.7929999999999999,0.009000000000000001,0.022000000000000002,0.769,0.838,0.03,0.302,0.5920000000000001,0.81,0.033,0.035,0.0,0.647,0.036000000000000004,0.02,3.925,4,Pinus morrisonicola_varimp.txt
bio_2,0.369,,0.045,0.515,0.0,0.6779999999999999,0.031,0.5720000000000001,0.293,0.562,0.052000000000000005,0.556,0.8690000000000001,0.5539999999999999,0.027000000000000003,0.5579999999999999,0.5760000000000001,0.405,0.03,0.384,3.775,3,Pinus morrisonicola_varimp.txt
bio_7,1.0,,0.136,0.912,0.986,1.0,0.09300000000000001,0.9079999999999999,0.78,0.9179999999999999,0.14,0.9990000000000001,0.233,1.0,0.188,0.976,0.226,0.993,0.128,0.9840000000000001,1.7,1,Pinus morrisonicola_varimp.txt
bio_12,0.878,,0.128,0.0,0.9620000000000001,0.9790000000000001,0.19699999999999998,0.054000000000000006,0.491,0.9590000000000001,0.046,0.037000000000000005,0.845,0.909,0.11199999999999999,0.0,0.956,0.937,0.166,0.0,3.125,2,Pinus morrisonicola_varimp.txt
bio_14,0.017,,0.027000000000000003,0.0,0.332,0.491,0.017,0.0,0.0,0.7120000000000001,0.024,0.0,0.304,0.7090000000000001,0.021,0.0,0.574,0.5670000000000001,0.025,0.0,6.1,6,Pinus morrisonicola_varimp.txt
bio_15,0.27,,0.015,0.067,0.617,0.847,0.005,0.0,0.41600000000000004,0.898,0.012,0.222,0.29100000000000004,0.915,0.006999999999999999,0.051,0.073,0.722,0.008,0.068,5.025,5,Pinus morrisonicola_varimp.txt
DEM_ele,0.614,,0.011000000000000001,0.0,0.341,0.5489999999999999,0.012,0.0,0.006,0.324,0.015,0.0,0.5760000000000001,0.486,0.027000000000000003,0.0,0.057,0.207,0.034,0.002,6.175,7,Pinus morrisonicola_varimp.txt
DEM_aspect,0.133,,0.003,0.0,0.326,0.301,0.006,0.013999999999999999,0.0,0.22699999999999998,0.005,0.20199999999999999,0.0,0.489,0.002,0.001,0.08,0.195,0.002,0.0,7.525,8,Pinus morrisonicola_varimp.txt
DEM_slope,0.319,,0.006,0.0,0.025,0.07400000000000001,0.005,0.003,0.3,0.311,0.006999999999999999,0.0,0.0,0.316,0.008,0.011000000000000001,0.0,0.084,0.005,0.0,7.65,9,Pinus morrisonicola_varimp.txt
bio_1,0.059000000000000004,1.0,0.124,0.0,0.58,0.716,0.198,0.098,0.0,0.9440000000000001,0.287,0.019,0.0,0.40700000000000003,0.064,0.015,0.478,0.857,0.175,0.0,4.35,3,Pinus wangii_varimp.txt
bio_2,0.7170000000000001,0.764,0.053,0.10300000000000001,0.993,0.545,0.032,0.0,0.0,0.703,0.027000000000000003,0.071,0.0,0.505,0.027999999999999997,0.08800000000000001,0.772,0.7340000000000001,0.031,0.009000000000000001,5.175,4,Pinus wangii_varimp.txt
bio_7,0.9390000000000001,1.0,0.45799999999999996,1.0,0.9440000000000001,0.78,0.289,1.0,0.0,0.9490000000000001,0.237,0.8759999999999999,0.0,1.0,0.28,0.833,0.9790000000000001,0.615,0.364,1.0,2.05,1,Pinus wangii_varimp.txt
bio_12,0.009000000000000001,0.961,0.19399999999999998,0.001,0.0,0.878,0.105,0.102,0.9990000000000001,0.945,0.107,0.006999999999999999,1.0,1.0,0.212,0.004,0.48700000000000004,1.0,0.262,0.04,3.025,2,Pinus wangii_varimp.txt
bio_14,0.812,0.257,0.136,0.27699999999999997,0.03,0.44299999999999995,0.139,0.01,0.0,0.773,0.054000000000000006,0.0,0.0,0.853,0.125,0.0,0.0,0.405,0.20800000000000002,0.0,5.4,5,Pinus wangii_varimp.txt
bio_15,0.0,0.7979999999999999,0.038,0.0,0.0,0.884,0.037000000000000005,0.0,0.196,0.8590000000000001,0.012,0.0,0.07400000000000001,0.9390000000000001,0.012,0.0,0.6920000000000001,0.677,0.04,0.081,5.55,6,Pinus wangii_varimp.txt
DEM_ele,0.0,0.8759999999999999,0.047,0.0,0.0,0.78,0.024,0.0,0.18899999999999997,0.828,0.035,0.0,0.0,0.843,0.08,0.0,0.0,0.838,0.047,0.0,6.05,7,Pinus wangii_varimp.txt
DEM_aspect,0.0,0.528,0.009000000000000001,0.008,0.45299999999999996,0.34600000000000003,0.002,0.0,0.0,0.39899999999999997,0.023,0.0,0.0,0.488,0.037000000000000005,0.0,0.7290000000000001,0.317,0.0,0.002,7.1,9,Pinus wangii_varimp.txt
DEM_slope,0.0,0.6629999999999999,0.061,0.0,0.16699999999999998,0.665,0.084,0.0,0.0,0.58,0.084,0.0,0.0,0.812,0.122,0.0,0.0,0.564,0.07,0.0,6.3,8,Pinus wangii_varimp.txt
bio_1,0.48200000000000004,0.595,0.49700000000000005,0.24600000000000002,0.353,0.515,0.282,0.03,0.34299999999999997,0.547,0.341,0.073,0.465,0.557,0.295,0.179,0.331,0.483,0.371,0.001,2.5,2,Podocarpus macrophyllus_varimp.txt
bio_2,0.0,0.127,0.223,0.008,0.17600000000000002,0.23800000000000002,0.172,0.0,0.004,0.157,0.207,0.001,0.35,0.413,0.28600000000000003,0.035,0.083,0.166,0.22399999999999998,0.1,5.375,5,Podocarpus macrophyllus_varimp.txt
bio_7,0.534,0.746,0.196,0.32799999999999996,0.504,0.6679999999999999,0.27,0.456,0.626,0.8320000000000001,0.152,0.599,0.392,0.625,0.183,0.183,0.752,0.848,0.237,0.8290000000000001,2.1,1,Podocarpus macrophyllus_varimp.txt
bio_12,0.008,0.057,0.316,0.055999999999999994,0.051,0.008,0.469,0.127,0.05,0.03,0.3,0.071,0.01,0.052000000000000005,0.409,0.091,0.086,0.026000000000000002,0.315,0.0,4.775,4,Podocarpus macrophyllus_varimp.txt
bio_14,0.011000000000000001,0.002,0.18600000000000003,0.045,0.016,0.015,0.285,0.1,0.0,0.001,0.183,0.017,0.001,0.005,0.23600000000000002,0.04,0.0,0.005,0.252,0.133,6.475,8,Podocarpus macrophyllus_varimp.txt
bio_15,0.016,0.054000000000000006,0.295,0.006999999999999999,0.0,0.086,0.253,0.013999999999999999,0.015,0.081,0.27899999999999997,0.032,0.004,0.10400000000000001,0.313,0.016,0.066,0.129,0.183,0.139,5.6,6,Podocarpus macrophyllus_varimp.txt
DEM_ele,0.09,0.193,0.149,0.067,0.247,0.303,0.095,0.222,0.17800000000000002,0.242,0.188,0.19399999999999998,0.071,0.188,0.124,0.10800000000000001,0.287,0.317,0.147,0.379,3.9,3,Podocarpus macrophyllus_varimp.txt
DEM_aspect,0.003,0.01,0.028999999999999998,0.005,0.009000000000000001,0.012,0.022000000000000002,0.005,0.005,0.008,0.018000000000000002,0.001,0.009000000000000001,0.019,0.026000000000000002,0.006,0.0,0.021,0.021,0.006,8.25,9,Podocarpus macrophyllus_varimp.txt
DEM_slope,0.022000000000000002,0.068,0.086,0.031,0.03,0.078,0.11,0.043,0.05,0.075,0.13699999999999998,0.087,0.025,0.07200000000000001,0.062,0.036000000000000004,0.044000000000000004,0.079,0.10300000000000001,0.071,6.025,7,Podocarpus macrophyllus_varimp.txt
bio_1,0.982,0.799,0.233,0.284,0.479,0.603,0.41100000000000003,0.07400000000000001,0.485,0.7909999999999999,0.215,0.34,0.752,0.797,0.29600000000000004,0.838,1.0,0.784,0.395,0.6609999999999999,1.9,1,Podocarpus neriifolius_varimp.txt
bio_2,0.025,0.349,0.35200000000000004,0.013000000000000001,0.034,0.306,0.442,0.0,0.055,0.237,0.16399999999999998,0.17600000000000002,0.157,0.28,0.27,0.293,0.373,0.32799999999999996,0.5,0.081,3.95,4,Podocarpus neriifolius_varimp.txt
bio_7,0.133,0.807,0.256,0.376,0.47100000000000003,0.825,0.324,0.6970000000000001,0.611,0.831,0.21899999999999997,0.369,0.07,0.71,0.22,0.004,0.040999999999999995,0.807,0.255,0.05,2.75,2,Podocarpus neriifolius_varimp.txt
bio_12,0.14,0.5589999999999999,0.486,0.038,0.17,0.573,0.491,0.0,0.003,0.583,0.153,0.0,0.46399999999999997,0.674,0.40399999999999997,0.0,0.414,0.16899999999999998,0.62,0.135,3.75,3,Podocarpus neriifolius_varimp.txt
bio_14,0.015,0.10300000000000001,0.11699999999999999,0.006,0.032,0.054000000000000006,0.14800000000000002,0.017,0.0,0.033,0.094,0.005,0.05,0.08800000000000001,0.113,0.017,0.005,0.046,0.142,0.001,6.85,7,Podocarpus neriifolius_varimp.txt
bio_15,0.136,0.391,0.10400000000000001,0.113,0.24,0.168,0.201,0.0,0.09300000000000001,0.15,0.095,0.05,0.019,0.141,0.127,0.0,0.059000000000000004,0.163,0.162,0.024,5.3,6,Podocarpus neriifolius_varimp.txt
DEM_ele,0.196,0.24,0.091,0.019,0.16899999999999998,0.185,0.07,0.192,0.15,0.11199999999999999,0.077,0.001,0.11900000000000001,0.098,0.081,0.136,0.33299999999999996,0.192,0.106,0.085,5.2,5,Podocarpus neriifolius_varimp.txt
DEM_aspect,0.0,0.008,0.036000000000000004,0.0,0.005,0.006999999999999999,0.032,0.004,0.004,0.004,0.028999999999999998,0.002,0.008,0.021,0.048,0.0,0.009000000000000001,0.021,0.059000000000000004,0.002,8.4,9,Podocarpus neriifolius_varimp.txt
DEM_slope,0.0,0.125,0.08800000000000001,0.027999999999999997,0.028999999999999998,0.061,0.078,0.004,0.023,0.036000000000000004,0.126,0.023,0.037000000000000005,0.040999999999999995,0.055999999999999994,0.013000000000000001,0.0,0.066,0.081,0.013999999999999999,6.9,8,Podocarpus neriifolius_varimp.txt
bio_1,0.0,0.693,0.466,0.073,0.0,0.65,0.311,0.081,0.0,0.698,0.496,0.10800000000000001,0.0,0.597,0.382,0.053,0.0,0.528,0.361,0.05,4.15,3,Pseudolarix amabilis_varimp.txt
bio_2,0.0,0.35200000000000004,0.11900000000000001,0.342,0.0,0.433,0.155,0.004,0.0,0.625,0.154,0.154,0.0,0.23199999999999998,0.075,0.075,0.0,0.511,0.225,0.08199999999999999,5.6,7,Pseudolarix amabilis_varimp.txt
bio_7,0.0,0.522,0.27,0.20800000000000002,0.0,0.596,0.371,0.5489999999999999,0.0,0.753,0.273,0.27699999999999997,0.0,0.529,0.318,0.332,0.0,0.5670000000000001,0.33,0.124,3.8,2,Pseudolarix amabilis_varimp.txt
bio_12,0.009000000000000001,0.787,0.163,0.0,1.0,0.7509999999999999,0.179,0.0,0.174,0.779,0.28,0.02,0.0,0.7,0.15,0.022000000000000002,0.109,0.701,0.14800000000000002,0.0,4.225,4,Pseudolarix amabilis_varimp.txt
bio_14,0.915,0.16,0.578,0.14300000000000002,0.0,0.052000000000000005,0.483,0.11199999999999999,0.562,0.8270000000000001,0.6709999999999999,0.04,0.8909999999999999,0.25,0.626,0.028999999999999998,0.644,0.797,0.61,0.185,2.975,1,Pseudolarix amabilis_varimp.txt
bio_15,0.0,0.24600000000000002,0.21899999999999997,0.002,0.0,0.294,0.207,0.071,0.0,0.478,0.285,0.34600000000000003,0.0,0.423,0.257,0.655,0.0,0.381,0.303,0.22899999999999998,4.75,5,Pseudolarix amabilis_varimp.txt
DEM_ele,0.0,0.43799999999999994,0.062,0.363,0.0,0.5529999999999999,0.092,0.524,0.0,0.532,0.071,0.172,0.0,0.621,0.086,0.23199999999999998,0.0,0.59,0.065,0.174,4.8,6,Pseudolarix amabilis_varimp.txt
DEM_aspect,0.0,0.076,0.040999999999999995,0.0,0.0,0.066,0.011000000000000001,0.0,0.026000000000000002,0.064,0.031,0.0,0.086,0.235,0.006,0.0,0.034,0.096,0.019,0.0,7.4,9,Pseudolarix amabilis_varimp.txt
DEM_slope,0.0,0.098,0.022000000000000002,0.001,0.0,0.107,0.091,0.015,0.0,0.311,0.054000000000000006,0.009000000000000001,0.017,0.081,0.039,0.0,0.0,0.188,0.037000000000000005,0.0,7.3,8,Pseudolarix amabilis_varimp.txt
bio_1,0.38799999999999996,0.922,0.155,0.0,0.12,0.8290000000000001,0.266,0.0,0.0,,0.12300000000000001,0.0,0.004,0.8909999999999999,0.22899999999999998,0.032,0.0,0.8690000000000001,0.217,0.0,4.0,3,Pseudotaxus chienii_varimp.txt
bio_2,0.0,0.812,0.141,0.0,0.363,0.7509999999999999,0.124,0.0,0.0,,0.03,0.004,0.0,0.612,0.228,0.0,0.0,0.86,0.109,0.0,5.575,6,Pseudotaxus chienii_varimp.txt
bio_7,0.10800000000000001,0.7659999999999999,0.161,0.0,0.0,0.813,0.262,0.0,0.0,,0.262,0.0,0.0,0.688,0.22699999999999998,0.0,0.0,0.727,0.272,0.0,5.225,5,Pseudotaxus chienii_varimp.txt
bio_12,0.992,0.8859999999999999,0.446,0.799,0.7759999999999999,0.966,0.551,0.802,0.779,,0.45399999999999996,0.812,0.0,0.6940000000000001,0.39399999999999996,0.653,0.0,0.9129999999999999,0.613,0.726,1.85,1,Pseudotaxus chienii_varimp.txt
bio_14,0.0,0.747,0.396,0.0,0.95,0.7829999999999999,0.415,0.0,0.348,,0.256,0.0,0.986,0.635,0.409,0.0,0.948,0.858,0.35600000000000004,0.272,3.925,2,Pseudotaxus chienii_varimp.txt
bio_15,0.33299999999999996,0.794,0.21899999999999997,0.183,0.0,0.914,0.18100000000000002,0.18899999999999997,0.0,,0.13699999999999998,0.11,0.0,0.67,0.179,0.13699999999999998,0.0,0.713,0.133,0.0,4.55,4,Pseudotaxus chienii_varimp.txt
DEM_ele,0.0,0.715,0.078,0.0,0.0,0.821,0.11699999999999999,0.0,0.0,,0.07200000000000001,0.0,0.0,0.633,0.078,0.002,0.0,0.762,0.079,0.0,6.4,8,Pseudotaxus chienii_varimp.txt
DEM_aspect,0.094,0.504,0.016,0.0,0.0,0.478,0.025,0.0,0.0,,0.012,0.0,0.0,0.23600000000000002,0.033,0.0,0.0,0.514,0.023,0.001,7.525,9,Pseudotaxus chienii_varimp.txt
DEM_slope,0.43700000000000006,0.5660000000000001,0.023,0.129,0.0,0.48100000000000004,0.024,0.13,0.0,,0.023,0.145,0.0,0.413,0.034,0.09,0.289,0.639,0.031,0.225,5.95,7,Pseudotaxus chienii_varimp.txt
bio_1,0.018000000000000002,0.331,0.154,0.121,0.11599999999999999,0.39899999999999997,0.187,0.256,0.111,0.12300000000000001,0.22699999999999998,0.203,0.09699999999999999,0.079,0.179,0.17600000000000002,0.018000000000000002,0.142,0.217,0.21600000000000003,4.15,4,Pseudotsuga sinensis_varimp.txt
bio_2,0.031,0.053,0.077,0.001,0.0,0.07400000000000001,0.078,0.006999999999999999,0.021,0.16,0.08800000000000001,0.0,0.098,0.08800000000000001,0.087,0.0,0.126,0.242,0.075,0.04,6.825,8,Pseudotsuga sinensis_varimp.txt
bio_7,0.982,0.79,0.415,1.0,0.861,0.8490000000000001,0.434,1.0,0.946,0.375,0.32799999999999996,1.0,1.0,0.9940000000000001,0.515,0.998,0.62,0.264,0.34299999999999997,0.953,1.25,1,Pseudotsuga sinensis_varimp.txt
bio_12,0.129,0.195,0.385,0.004,0.29600000000000004,0.39399999999999996,0.314,0.157,0.537,0.738,0.475,0.001,0.263,0.389,0.39299999999999996,0.006,0.187,0.726,0.521,0.126,2.9,2,Pseudotsuga sinensis_varimp.txt
bio_14,0.063,0.059000000000000004,0.168,0.0,0.0,0.135,0.126,0.001,0.113,0.213,0.145,0.0,0.002,0.0,0.154,0.0,0.027000000000000003,0.077,0.285,0.001,6.425,7,Pseudotsuga sinensis_varimp.txt
bio_15,0.07400000000000001,0.126,0.156,0.0,0.013999999999999999,0.091,0.127,0.158,0.079,0.161,0.126,0.102,0.015,0.015,0.24600000000000002,0.138,0.049,0.055,0.085,0.099,5.575,5,Pseudotsuga sinensis_varimp.txt
DEM_ele,0.223,0.081,0.087,0.312,0.098,0.207,0.115,0.228,0.35700000000000004,0.27699999999999997,0.147,0.452,0.307,0.192,0.127,0.22699999999999998,0.265,0.355,0.17800000000000002,0.239,3.45,3,Pseudotsuga sinensis_varimp.txt
DEM_aspect,0.003,0.002,0.032,0.001,0.0,0.002,0.04,0.017,0.025,0.017,0.040999999999999995,0.008,0.017,0.054000000000000006,0.047,0.064,0.0,0.002,0.027000000000000003,0.021,8.075,9,Pseudotsuga sinensis_varimp.txt
DEM_slope,0.033,0.023,0.07200000000000001,0.006,0.107,0.10300000000000001,0.057,0.073,0.07200000000000001,0.091,0.10800000000000001,0.015,0.048,0.057999999999999996,0.055,0.001,0.085,0.102,0.094,0.084,6.35,6,Pseudotsuga sinensis_varimp.txt
bio_1,0.381,0.9309999999999999,0.37,0.5870000000000001,0.968,0.297,0.473,0.893,0.9990000000000001,0.941,0.486,0.961,0.845,0.499,0.511,0.597,0.998,0.929,0.258,0.292,1.75,1,Pterocarpus indicus_varimp.txt
bio_2,0.596,0.662,0.29600000000000004,0.0,0.052000000000000005,0.6970000000000001,0.381,0.0,0.0,0.7879999999999999,0.171,0.0,0.631,0.7040000000000001,0.331,0.0,0.455,0.643,0.24600000000000002,0.0,4.425,4,Pterocarpus indicus_varimp.txt
bio_7,0.9990000000000001,0.084,0.263,0.483,0.7659999999999999,0.601,0.39,0.27399999999999997,0.138,0.647,0.102,0.0,0.738,0.366,0.278,0.44,0.657,0.47600000000000003,0.251,0.78,3.6,2,Pterocarpus indicus_varimp.txt
bio_12,0.34600000000000003,0.716,0.332,0.17300000000000001,0.0,0.9279999999999999,0.083,0.001,0.0,0.726,0.10400000000000001,0.073,0.121,0.963,0.162,0.196,0.10800000000000001,0.695,0.11,0.03,4.025,3,Pterocarpus indicus_varimp.txt
bio_14,0.06,0.465,0.047,0.0,0.6809999999999999,0.75,0.052000000000000005,0.006,0.0,0.19399999999999998,0.03,0.0,0.741,0.823,0.054000000000000006,0.141,0.004,0.43799999999999994,0.027999999999999997,0.0,5.575,6,Pterocarpus indicus_varimp.txt
bio_15,0.051,0.276,0.027000000000000003,0.0,0.301,0.685,0.061,0.037000000000000005,0.0,0.654,0.128,0.0,0.46,0.77,0.13,0.0,0.336,0.391,0.034,0.0,5.65,7,Pterocarpus indicus_varimp.txt
DEM_ele,0.583,0.6509999999999999,0.094,0.0,0.564,0.685,0.038,0.0,0.0,0.005,0.038,0.0,0.629,0.7070000000000001,0.064,0.0,0.541,0.511,0.03,0.091,5.4,5,Pterocarpus indicus_varimp.txt
DEM_aspect,0.172,0.21100000000000002,0.006,0.0,0.062,0.27399999999999997,0.013999999999999999,0.0,0.191,0.312,0.002,0.0,0.294,0.31,0.011000000000000001,0.0,0.20199999999999999,0.294,0.019,0.0,7.275,8,Pterocarpus indicus_varimp.txt
DEM_slope,0.195,0.37200000000000005,0.031,0.0,0.141,0.07400000000000001,0.033,0.001,0.06,0.24,0.028999999999999998,0.0,0.044000000000000004,0.009000000000000001,0.025,0.0,0.0,0.09,0.012,0.0,7.3,9,Pterocarpus indicus_varimp.txt
bio_1,1.0,0.7240000000000001,0.094,0.019,0.614,,0.098,0.0,0.0,0.612,0.19399999999999998,0.0,0.0,0.6,0.085,0.01,0.0,0.574,0.131,0.0,4.6,3,Rehderodendron macrocarpum_varimp.txt
bio_2,0.0,0.5429999999999999,0.057,0.055,0.33399999999999996,,0.141,0.29600000000000004,0.366,0.506,0.17,0.161,0.0,0.527,0.1,0.040999999999999995,0.313,0.436,0.11699999999999999,0.09,4.25,2,Rehderodendron macrocarpum_varimp.txt
bio_7,0.0,0.987,0.319,0.9159999999999999,0.825,,0.35100000000000003,0.892,0.746,0.995,0.552,0.897,0.991,0.816,0.257,0.841,0.6990000000000001,0.998,0.324,0.782,1.475,1,Rehderodendron macrocarpum_varimp.txt
bio_12,0.0,0.624,0.33799999999999997,0.0,0.171,,0.153,0.0,0.0,0.5329999999999999,0.201,0.0,0.0,0.7020000000000001,0.11699999999999999,0.0,0.0,0.579,0.16,0.0,4.85,4,Rehderodendron macrocarpum_varimp.txt
bio_14,0.0,0.6509999999999999,0.067,0.064,0.0,,0.049,0.261,0.115,0.574,0.040999999999999995,0.09,0.0,0.436,0.07400000000000001,0.0,0.0,0.7070000000000001,0.083,0.0,5.525,6,Rehderodendron macrocarpum_varimp.txt
bio_15,0.0,0.268,0.225,0.0,0.0,,0.078,0.0,0.0,0.34,0.284,0.0,0.0,0.5539999999999999,0.2,0.01,0.0,0.5579999999999999,0.158,0.0,5.6,7,Rehderodendron macrocarpum_varimp.txt
DEM_ele,0.0,0.73,0.08,0.0,0.0,,0.209,0.0,0.0,0.685,0.092,0.0,0.0,0.742,0.09699999999999999,0.0,0.0,0.7390000000000001,0.106,0.0,5.4,5,Rehderodendron macrocarpum_varimp.txt
DEM_aspect,0.0,0.35600000000000004,0.019,0.009000000000000001,0.0,,0.006,0.0,0.0,0.099,0.023,0.0,0.0,0.47200000000000003,0.022000000000000002,0.03,0.0,0.142,0.043,0.0,7.15,9,Rehderodendron macrocarpum_varimp.txt
DEM_slope,0.0,0.23199999999999998,0.133,0.0,0.0,,0.354,0.001,0.0,0.114,0.03,0.0,0.0,0.289,0.32899999999999996,0.0,0.0,0.174,0.155,0.0,6.15,8,Rehderodendron macrocarpum_varimp.txt
bio_1,0.58,0.332,0.075,0.0,0.0,,0.073,0.001,0.01,0.853,0.055,0.0,0.37,0.637,0.141,0.0,0.0,0.825,0.073,0.004,5.2,5,Rhodoleia forrestii_varimp.txt
bio_2,0.0,0.973,0.128,0.006999999999999999,0.0,,0.045,0.0,0.0,0.85,0.18600000000000003,0.0,0.0,0.9209999999999999,0.10800000000000001,0.0,0.0,0.7190000000000001,0.061,0.0,5.7,6,Rhodoleia forrestii_varimp.txt
bio_7,0.895,0.927,0.546,1.0,0.5870000000000001,,0.46299999999999997,1.0,0.5670000000000001,0.978,0.391,1.0,1.0,0.863,0.642,1.0,1.0,0.9259999999999999,0.35700000000000004,1.0,1.5,1,Rhodoleia forrestii_varimp.txt
bio_12,0.8909999999999999,0.977,0.374,0.0,0.0,,0.29100000000000004,0.0,0.0,0.935,0.308,0.0,0.0,0.927,0.321,0.0,0.0,0.892,0.132,0.0,4.2,3,Rhodoleia forrestii_varimp.txt
bio_14,0.254,0.879,0.16699999999999998,0.063,0.0,,0.191,0.035,0.0,0.884,0.146,0.027000000000000003,0.0,0.917,0.152,0.066,0.0,0.754,0.18,0.04,4.15,2,Rhodoleia forrestii_varimp.txt
bio_15,0.0,0.774,0.253,0.0,0.0,,0.055999999999999994,0.0,0.061,0.861,0.13,0.0,0.0,0.795,0.16399999999999998,0.0,0.0,0.799,0.04,0.0,5.8,7,Rhodoleia forrestii_varimp.txt
DEM_ele,0.0,0.29600000000000004,0.214,0.005,0.7959999999999999,,0.375,0.0,0.838,0.722,0.332,0.0,0.0,0.883,0.28600000000000003,0.034,0.0,0.789,0.268,0.0,4.7,4,Rhodoleia forrestii_varimp.txt
DEM_aspect,0.009000000000000001,0.546,0.001,0.0,0.19399999999999998,,0.031,0.0,0.0,0.732,0.035,0.0,0.0,0.669,0.002,0.0,0.0,0.7659999999999999,0.040999999999999995,0.0,6.925,9,Rhodoleia forrestii_varimp.txt
DEM_slope,0.017,0.313,0.07200000000000001,0.0,0.0,,0.095,0.0,0.0,0.545,0.066,0.003,0.0,0.531,0.018000000000000002,0.0,0.0,0.584,0.128,0.0,6.825,8,Rhodoleia forrestii_varimp.txt
bio_1,0.397,0.782,0.159,0.053,0.524,0.513,0.17,0.168,0.187,0.27699999999999997,0.078,0.0,0.293,0.8859999999999999,0.091,0.142,0.15,0.33399999999999996,0.15,0.239,4.875,5,Taiwania cryptomerioides_varimp.txt
bio_2,0.22,0.408,0.215,0.0,0.22,0.461,0.179,0.0,0.055999999999999994,0.536,0.09699999999999999,0.0,0.14,0.308,0.125,0.0,0.193,0.37799999999999995,0.214,0.134,5.825,7,Taiwania cryptomerioides_varimp.txt
bio_7,0.0,0.521,0.284,0.61,0.8859999999999999,0.515,0.308,0.75,0.8320000000000001,0.581,0.09,0.256,0.425,0.612,0.145,0.366,0.925,0.49,0.158,0.8109999999999999,3.125,2,Taiwania cryptomerioides_varimp.txt
bio_12,0.47200000000000003,0.584,0.379,0.382,0.141,0.805,0.335,0.455,0.299,0.387,0.218,0.7070000000000001,0.013999999999999999,0.662,0.262,0.599,0.147,0.265,0.18899999999999997,0.348,3.3,3,Taiwania cryptomerioides_varimp.txt
bio_14,0.043,0.337,0.158,0.001,0.095,0.815,0.179,0.0,0.621,0.7140000000000001,0.19899999999999998,0.0,0.46,0.624,0.21100000000000002,0.001,0.636,0.78,0.254,0.001,4.65,4,Taiwania cryptomerioides_varimp.txt
bio_15,0.198,0.581,0.023,0.21,0.496,0.556,0.018000000000000002,0.168,0.0,0.306,0.016,0.135,0.23,0.5660000000000001,0.013999999999999999,0.348,0.18600000000000003,0.495,0.023,0.40700000000000003,5.375,6,Taiwania cryptomerioides_varimp.txt
DEM_ele,0.7240000000000001,0.773,0.305,0.33399999999999996,0.147,0.34299999999999997,0.267,0.099,0.79,0.7020000000000001,0.129,0.49,0.27,0.642,0.226,0.079,0.40399999999999997,0.5,0.299,0.253,3.05,1,Taiwania cryptomerioides_varimp.txt
DEM_aspect,0.017,0.16,0.01,0.0,0.114,0.174,0.003,0.0,0.009000000000000001,0.09300000000000001,0.01,0.006999999999999999,0.042,0.18100000000000002,0.009000000000000001,0.001,0.026000000000000002,0.092,0.01,0.001,8.45,9,Taiwania cryptomerioides_varimp.txt
DEM_slope,0.22699999999999998,0.36700000000000005,0.105,0.02,0.14300000000000002,0.258,0.09699999999999999,0.0,0.259,0.268,0.085,0.048,0.213,0.366,0.054000000000000006,0.008,0.19399999999999998,0.254,0.158,0.025,6.35,8,Taiwania cryptomerioides_varimp.txt
bio_1,0.0,0.718,0.134,0.0,0.466,0.8370000000000001,0.207,0.0,0.073,0.763,0.326,0.0,0.0,0.727,0.182,0.0,0.0,0.551,0.168,0.0,4.7,5,Taxus cuspidata_varimp.txt
bio_2,0.993,0.8240000000000001,0.134,0.012,0.139,0.872,0.094,0.001,0.0,0.8340000000000001,0.11900000000000001,0.14,0.995,0.9009999999999999,0.201,0.0,0.991,0.8390000000000001,0.179,0.025,3.0,1,Taxus cuspidata_varimp.txt
bio_7,0.0,0.833,0.662,0.0,0.292,0.8140000000000001,0.7340000000000001,0.0,0.0,0.7659999999999999,0.39299999999999996,0.0,0.0,0.9520000000000001,0.5660000000000001,0.0,0.0,0.8320000000000001,0.325,0.0,3.625,2,Taxus cuspidata_varimp.txt
bio_12,0.0,0.78,0.5479999999999999,0.0,0.723,0.9540000000000001,0.6559999999999999,0.0,0.0,0.879,0.38299999999999995,0.0,0.0,0.7929999999999999,0.40399999999999997,0.0,0.0,0.805,0.359,0.0,3.675,3,Taxus cuspidata_varimp.txt
bio_14,0.0,0.6809999999999999,0.23800000000000002,0.0,0.0,0.495,0.247,0.0,0.0,0.508,0.174,0.0,0.0,0.7609999999999999,0.11199999999999999,0.0,0.0,0.47,0.14400000000000002,0.0,5.65,6,Taxus cuspidata_varimp.txt
bio_15,0.0,0.517,0.055999999999999994,0.0,0.0,0.561,0.23600000000000002,0.0,0.0,0.6,0.022000000000000002,0.0,0.0,0.706,0.055999999999999994,0.0,0.0,0.6579999999999999,0.025,0.0,6.35,7,Taxus cuspidata_varimp.txt
DEM_ele,0.0,0.6920000000000001,0.096,0.9420000000000001,0.0,0.71,0.122,0.993,0.7709999999999999,0.655,0.19399999999999998,0.667,0.0,0.764,0.107,0.993,0.0,0.659,0.102,0.904,4.1,4,Taxus cuspidata_varimp.txt
DEM_aspect,0.0,0.23399999999999999,0.03,0.0,0.0,0.085,0.012,0.0,0.0,0.147,0.017,0.0,0.0,0.29100000000000004,0.047,0.0,0.0,0.446,0.07400000000000001,0.0,7.4,9,Taxus cuspidata_varimp.txt
DEM_slope,0.0,0.4,0.055,0.0,0.002,0.319,0.149,0.0,0.0,0.159,0.073,0.015,0.0,0.47100000000000003,0.087,0.0,0.0,0.133,0.08800000000000001,0.0,6.5,8,Taxus cuspidata_varimp.txt
bio_1,0.337,0.455,0.18899999999999997,0.445,0.45,0.593,0.226,0.27899999999999997,0.33799999999999997,0.46799999999999997,0.17,0.28600000000000003,0.35,0.46399999999999997,0.242,0.32799999999999996,0.28,0.341,0.21100000000000002,0.34700000000000003,2.85,2,Taxus wallichiana_varimp.txt
bio_2,0.228,0.261,0.221,0.43,0.138,0.34,0.326,0.308,0.08199999999999999,0.265,0.32,0.348,0.245,0.381,0.25,0.29100000000000004,0.141,0.289,0.225,0.337,3.375,3,Taxus wallichiana_varimp.txt
bio_7,0.9179999999999999,0.932,0.561,1.0,0.847,0.884,0.649,1.0,0.7490000000000001,0.7829999999999999,0.682,1.0,0.971,0.993,0.642,1.0,0.995,1.0,0.63,1.0,1.0,1,Taxus wallichiana_varimp.txt
bio_12,0.531,0.34600000000000003,0.18600000000000003,0.0,0.098,0.165,0.294,0.019,0.325,0.36,0.213,0.004,0.105,0.305,0.27,0.001,0.081,0.243,0.20600000000000002,0.02,5.15,4,Taxus wallichiana_varimp.txt
bio_14,0.228,0.205,0.078,0.004,0.063,0.184,0.07,0.0,0.19399999999999998,0.23399999999999999,0.057999999999999996,0.0,0.159,0.341,0.134,0.0,0.16699999999999998,0.298,0.099,0.0,5.975,7,Taxus wallichiana_varimp.txt
bio_15,0.129,0.079,0.09699999999999999,0.389,0.185,0.324,0.049,0.22,0.128,0.221,0.095,0.17,0.32799999999999996,0.327,0.054000000000000006,0.264,0.122,0.152,0.077,0.237,5.35,6,Taxus wallichiana_varimp.txt
DEM_ele,0.053,0.11199999999999999,0.256,0.304,0.083,0.08900000000000001,0.348,0.14300000000000002,0.040999999999999995,0.038,0.278,0.294,0.08800000000000001,0.257,0.314,0.18,0.03,0.168,0.215,0.239,5.2,5,Taxus wallichiana_varimp.txt
DEM_aspect,0.091,0.066,0.006999999999999999,0.001,0.04,0.057,0.012,0.0,0.013999999999999999,0.043,0.011000000000000001,0.0,0.062,0.036000000000000004,0.006999999999999999,0.002,0.027000000000000003,0.013000000000000001,0.013000000000000001,0.004,8.2,9,Taxus wallichiana_varimp.txt
DEM_slope,0.005,0.03,0.04,0.026000000000000002,0.005,0.017,0.052000000000000005,0.052000000000000005,0.005,0.04,0.052000000000000005,0.038,0.040999999999999995,0.063,0.038,0.019,0.023,0.008,0.055,0.016,7.9,8,Taxus wallichiana_varimp.txt
bio_1,0.88,0.494,0.5660000000000001,0.67,0.732,0.452,0.6459999999999999,0.725,0.8220000000000001,0.6659999999999999,0.679,0.75,0.9840000000000001,0.767,0.6759999999999999,0.747,0.711,0.237,0.613,0.687,3.25,3,Tetrameles nudiflora_varimp.txt
bio_2,0.0,0.889,0.54,0.524,0.7509999999999999,0.9259999999999999,0.517,0.521,0.812,0.912,0.537,0.534,0.0,0.935,0.595,0.479,0.7759999999999999,0.9109999999999999,0.552,0.555,2.9,2,Tetrameles nudiflora_varimp.txt
bio_7,0.875,0.995,0.519,0.9790000000000001,1.0,1.0,0.469,0.9420000000000001,1.0,1.0,0.489,0.9159999999999999,0.012,0.995,0.419,0.93,1.0,1.0,0.536,0.9209999999999999,1.75,1,Tetrameles nudiflora_varimp.txt
bio_12,0.22,0.606,0.39399999999999996,0.008,0.0,0.703,0.39,0.025,0.0,0.606,0.298,0.003,0.0,0.48700000000000004,0.41600000000000004,0.023,0.0,0.725,0.364,0.006,5.725,5,Tetrameles nudiflora_varimp.txt
bio_14,0.0,0.6559999999999999,0.083,0.0,0.49,0.617,0.055,0.0,0.705,0.18100000000000002,0.051,0.0,0.62,0.614,0.048,0.051,0.45,0.706,0.067,0.0,6.225,7,Tetrameles nudiflora_varimp.txt
bio_15,0.0,0.583,0.016,0.0,0.0,0.762,0.02,0.0,0.0,0.82,0.018000000000000002,0.0,0.0,0.703,0.012,0.0,0.0,0.818,0.017,0.0,6.875,8,Tetrameles nudiflora_varimp.txt
DEM_ele,0.0,0.8759999999999999,0.21,0.0,0.91,0.711,0.215,0.0,0.7979999999999999,0.85,0.32799999999999996,0.0,0.0,0.888,0.243,0.0,0.9109999999999999,0.777,0.17600000000000002,0.085,4.925,4,Tetrameles nudiflora_varimp.txt
DEM_aspect,0.0,0.40700000000000003,0.001,0.0,0.326,0.7340000000000001,0.001,0.0,0.0,0.7709999999999999,0.0,0.002,0.293,0.617,0.0,0.0,0.0,0.332,0.0,0.0,7.35,9,Tetrameles nudiflora_varimp.txt
DEM_slope,0.0,0.799,0.009000000000000001,0.0,0.272,0.7609999999999999,0.031,0.0,0.0,0.8059999999999999,0.022000000000000002,0.002,0.375,0.83,0.018000000000000002,0.0,0.085,0.736,0.052000000000000005,0.015,6.0,6,Tetrameles nudiflora_varimp.txt
bio_1,0.20199999999999999,0.705,0.156,0.0,0.0,0.545,0.175,0.016,0.0,0.623,0.191,0.0,0.0,0.6759999999999999,0.09699999999999999,0.0,0.11800000000000001,0.8,0.141,0.0,5.475,6,Tilia miqueliana_varimp.txt
bio_2,0.0,0.426,0.348,0.105,1.0,0.9690000000000001,0.47600000000000003,0.43,0.0,0.835,0.106,0.018000000000000002,0.912,0.9229999999999999,0.29,0.226,0.0,0.872,0.12,0.0,3.7,3,Tilia miqueliana_varimp.txt
bio_7,0.789,0.8740000000000001,0.653,0.0,0.136,0.44299999999999995,0.485,0.0,0.0,0.055,0.5329999999999999,0.0,0.0,0.6940000000000001,0.556,0.0,0.0,0.45799999999999996,0.45,0.0,4.85,4,Tilia miqueliana_varimp.txt
bio_12,0.0,0.622,0.245,0.0,0.0,0.632,0.23600000000000002,0.0,0.0,0.65,0.20600000000000002,0.0,0.278,0.7090000000000001,0.289,0.0,0.27899999999999997,0.6559999999999999,0.14800000000000002,0.0,5.05,5,Tilia miqueliana_varimp.txt
bio_14,0.0,0.447,0.7440000000000001,0.0,0.0,0.532,0.586,0.0,0.98,0.757,0.769,0.038,0.693,0.622,0.6559999999999999,0.0,0.899,0.831,0.626,0.03,3.475,2,Tilia miqueliana_varimp.txt
bio_15,0.0,0.382,0.079,0.114,0.0,0.20800000000000002,0.09,0.10800000000000001,0.0,0.721,0.095,0.419,0.102,0.395,0.059000000000000004,0.012,0.006,0.22399999999999998,0.195,0.225,5.625,7,Tilia miqueliana_varimp.txt
DEM_ele,0.975,0.982,0.359,0.802,0.0,0.736,0.225,0.6,0.0,0.564,0.095,0.5489999999999999,0.29100000000000004,0.6,0.32799999999999996,0.679,0.746,0.804,0.127,0.78,3.25,1,Tilia miqueliana_varimp.txt
DEM_aspect,0.0,0.12300000000000001,0.067,0.05,0.11,0.156,0.1,0.077,0.0,0.23600000000000002,0.081,0.121,0.0,0.397,0.134,0.124,0.0,0.294,0.098,0.013000000000000001,6.425,8,Tilia miqueliana_varimp.txt
DEM_slope,0.0,0.27,0.14,0.0,0.0,0.273,0.085,0.0,0.077,0.32299999999999995,0.023,0.0,0.0,0.48700000000000004,0.17,0.0,0.0,0.243,0.038,0.0,7.15,9,Tilia miqueliana_varimp.txt
bio_1,0.804,0.898,0.34700000000000003,0.19699999999999998,0.7170000000000001,0.5,0.299,0.10800000000000001,0.643,0.66,0.41100000000000003,0.32299999999999995,0.813,0.7,0.457,0.392,0.63,0.532,0.38799999999999996,0.17,2.25,2,Toona ciliata_varimp.txt
bio_2,0.107,0.21899999999999997,0.42200000000000004,0.248,0.02,0.187,0.406,0.21,0.0,0.149,0.48,0.245,0.11699999999999999,0.17,0.508,0.175,0.027999999999999997,0.18600000000000003,0.43,0.278,4.2,4,Toona ciliata_varimp.txt
bio_7,0.071,0.71,0.6779999999999999,1.0,0.16899999999999998,0.605,0.664,1.0,0.518,0.89,0.6779999999999999,0.97,0.233,0.763,0.654,0.938,0.135,0.873,0.5920000000000001,1.0,1.8,1,Toona ciliata_varimp.txt
bio_12,0.038,0.36,0.244,0.021,0.077,0.217,0.363,0.055,0.106,0.369,0.293,0.064,0.18600000000000003,0.313,0.273,0.11900000000000001,0.022000000000000002,0.342,0.38299999999999995,0.042,5.125,5,Toona ciliata_varimp.txt
bio_14,0.10800000000000001,0.025,0.07,0.0,0.225,0.179,0.095,0.01,0.111,0.086,0.084,0.0,0.332,0.151,0.083,0.011000000000000001,0.032,0.019,0.098,0.0,6.725,7,Toona ciliata_varimp.txt
bio_15,0.1,0.086,0.078,0.005,0.177,0.099,0.085,0.0,0.08900000000000001,0.065,0.12300000000000001,0.001,0.138,0.10400000000000001,0.073,0.0,0.0,0.055999999999999994,0.075,0.0,7.425,9,Toona ciliata_varimp.txt
DEM_ele,0.531,0.542,0.115,0.191,0.43700000000000006,0.39899999999999997,0.127,0.221,0.498,0.517,0.077,0.156,0.45899999999999996,0.455,0.1,0.21899999999999997,0.514,0.45299999999999996,0.079,0.19699999999999998,3.8,3,Toona ciliata_varimp.txt
DEM_aspect,0.051,0.057999999999999996,0.036000000000000004,0.059000000000000004,0.045,0.04,0.059000000000000004,0.036000000000000004,0.081,0.087,0.062,0.08800000000000001,0.077,0.08800000000000001,0.08800000000000001,0.11900000000000001,0.08199999999999999,0.068,0.084,0.03,7.025,8,Toona ciliata_varimp.txt
DEM_slope,0.061,0.067,0.248,0.054000000000000006,0.012,0.006,0.293,0.019,0.078,0.068,0.19399999999999998,0.047,0.011000000000000001,0.011000000000000001,0.215,0.047,0.077,0.078,0.192,0.049,6.65,6,Toona ciliata_varimp.txt
bio_1,0.0,0.562,0.271,0.23600000000000002,0.0,0.44799999999999995,0.27699999999999997,0.26899999999999996,0.0,0.37799999999999995,0.358,0.21100000000000002,0.0,0.369,0.344,0.27,0.122,0.429,0.364,0.27399999999999997,4.2,4,Torreya fargesii_varimp.txt
bio_2,0.0,0.239,0.25,0.0,0.0,0.23199999999999998,0.22899999999999998,0.0,0.0,0.08,0.21,0.0,0.831,0.113,0.258,0.031,0.0,0.11900000000000001,0.237,0.001,6.425,7,Torreya fargesii_varimp.txt
bio_7,0.0,0.7809999999999999,0.44,0.36,0.233,0.927,0.38299999999999995,0.6759999999999999,0.997,0.8809999999999999,0.37799999999999995,0.601,0.0,0.8590000000000001,0.43,0.758,0.929,0.792,0.39,0.511,1.95,1,Torreya fargesii_varimp.txt
bio_12,0.0,0.6559999999999999,0.63,0.276,0.602,0.41700000000000004,0.515,0.067,0.0,0.264,0.502,0.051,0.02,0.494,0.475,0.152,0.052000000000000005,0.445,0.425,0.282,3.2,2,Torreya fargesii_varimp.txt
bio_14,0.9940000000000001,0.379,0.43200000000000005,0.256,0.0,0.42100000000000004,0.386,0.249,0.0,0.369,0.467,0.213,0.0,0.40700000000000003,0.408,0.214,0.0,0.348,0.28,0.21600000000000003,4.15,3,Torreya fargesii_varimp.txt
bio_15,0.0,0.278,0.213,0.569,0.0,0.34600000000000003,0.165,0.496,0.0,0.33399999999999996,0.111,0.485,0.0,0.484,0.14300000000000002,0.601,0.371,0.327,0.095,0.457,4.7,5,Torreya fargesii_varimp.txt
DEM_ele,0.0,0.048,0.13699999999999998,0.054000000000000006,0.0,0.363,0.095,0.307,0.0,0.166,0.165,0.23600000000000002,0.0,0.19,0.113,0.373,0.633,0.14300000000000002,0.192,0.255,5.6,6,Torreya fargesii_varimp.txt
DEM_aspect,0.0,0.021,0.021,0.002,0.0,0.001,0.027000000000000003,0.004,0.0,0.018000000000000002,0.03,0.009000000000000001,0.021,0.055999999999999994,0.045,0.027999999999999997,0.0,0.054000000000000006,0.026000000000000002,0.001,7.825,9,Torreya fargesii_varimp.txt
DEM_slope,0.0,0.068,0.124,0.001,0.002,0.06,0.17,0.011000000000000001,0.0,0.039,0.126,0.015,0.0,0.126,0.121,0.0,0.0,0.061,0.09699999999999999,0.002,6.95,8,Torreya fargesii_varimp.txt
bio_1,0.0,0.929,0.076,0.0,0.0,0.6940000000000001,0.094,0.0,0.0,0.907,0.08900000000000001,0.0,0.0,,0.133,0.0,0.516,,0.045,0.0,5.475,6,Torreya jackii_varimp.txt
bio_2,0.34700000000000003,0.927,0.258,0.249,0.0,0.73,0.175,0.258,0.0,0.33399999999999996,0.135,0.055,0.0,,0.17,0.077,0.0,,0.028999999999999998,0.025,4.7,5,Torreya jackii_varimp.txt
bio_7,0.0,0.816,0.129,0.0,0.0,0.887,0.22399999999999998,0.0,0.0,0.943,0.149,0.02,0.0,,0.174,0.002,0.006,,0.09699999999999999,0.039,4.625,4,Torreya jackii_varimp.txt
bio_12,0.762,0.998,0.222,0.701,0.0,0.983,0.276,0.733,0.0,0.9620000000000001,0.14,0.609,0.0,,0.174,0.603,0.0,,0.249,0.606,2.975,1,Torreya jackii_varimp.txt
bio_14,0.0,0.858,0.33799999999999997,0.0,0.99,0.6459999999999999,0.331,0.0,0.9890000000000001,0.8109999999999999,0.207,0.0,0.985,,0.18,0.0,0.2,,0.11800000000000001,0.0,4.325,3,Torreya jackii_varimp.txt
bio_15,0.77,1.0,0.157,0.72,0.0,0.946,0.151,0.7090000000000001,0.0,0.914,0.151,0.618,0.0,,0.168,0.65,0.727,,0.213,0.65,3.1,2,Torreya jackii_varimp.txt
DEM_ele,0.642,0.991,0.027999999999999997,0.604,0.0,0.69,0.019,0.617,0.0,0.625,0.026000000000000002,0.384,0.0,,0.034,0.39299999999999996,0.0,,0.013999999999999999,0.335,5.65,7,Torreya jackii_varimp.txt
DEM_aspect,0.0,0.608,0.033,0.0,0.0,0.9179999999999999,0.063,0.0,0.0,0.9179999999999999,0.037000000000000005,0.0,0.017,,0.066,0.0,0.0,,0.07200000000000001,0.0,6.325,8,Torreya jackii_varimp.txt
DEM_slope,0.0,0.523,0.006,0.0,0.0,0.5,0.006999999999999999,0.0,0.0,0.493,0.006,0.0,0.0,,0.008,0.0,0.0,,0.005,0.0,7.825,9,Torreya jackii_varimp.txt
bio_1,0.395,0.6709999999999999,0.042,0.226,0.511,0.645,0.038,0.41600000000000004,0.5379999999999999,0.534,0.07400000000000001,0.46299999999999997,0.67,0.564,0.022000000000000002,0.175,0.508,0.461,0.024,0.027999999999999997,3.5,2,Trochodendron aralioides_varimp.txt
bio_2,0.015,0.21600000000000003,0.33899999999999997,0.024,0.062,0.396,0.345,0.095,0.508,0.452,0.264,0.0,0.042,0.319,0.456,0.004,0.426,0.38299999999999995,0.23600000000000002,0.19699999999999998,3.925,4,Trochodendron aralioides_varimp.txt
bio_7,0.982,0.998,0.374,0.987,0.872,0.998,0.317,0.958,1.0,1.0,0.278,1.0,0.885,0.992,0.415,0.998,1.0,1.0,0.253,0.8490000000000001,1.1,1,Trochodendron aralioides_varimp.txt
bio_12,0.0,0.384,0.1,0.0,0.016,0.33399999999999996,0.09699999999999999,0.257,0.002,0.24600000000000002,0.067,0.0,0.059000000000000004,0.105,0.11599999999999999,0.0,0.009000000000000001,0.10300000000000001,0.124,0.013999999999999999,6.25,6,Trochodendron aralioides_varimp.txt
bio_14,0.0,0.028999999999999998,0.035,0.013999999999999999,0.011000000000000001,0.10300000000000001,0.043,0.001,0.061,0.002,0.024,0.0,0.0,0.013999999999999999,0.037000000000000005,0.016,0.034,0.047,0.057999999999999996,0.0,7.75,9,Trochodendron aralioides_varimp.txt
bio_15,0.087,0.215,0.067,0.004,0.10800000000000001,0.162,0.08199999999999999,0.002,0.158,0.201,0.14800000000000002,0.06,0.078,0.301,0.087,0.0,0.218,0.28300000000000003,0.13,0.045,5.275,5,Trochodendron aralioides_varimp.txt
DEM_ele,0.156,0.387,0.113,0.113,0.318,0.368,0.047,0.016,0.764,0.43700000000000006,0.174,0.532,0.37799999999999995,0.35700000000000004,0.046,0.017,0.7709999999999999,0.35700000000000004,0.057999999999999996,0.193,3.525,3,Trochodendron aralioides_varimp.txt
DEM_aspect,0.055999999999999994,0.177,0.008,0.09,0.040999999999999995,0.223,0.004,0.005,0.035,0.11900000000000001,0.006999999999999999,0.0,0.106,0.204,0.013999999999999999,0.10300000000000001,0.059000000000000004,0.077,0.023,0.126,6.775,7,Trochodendron aralioides_varimp.txt
DEM_slope,0.044000000000000004,0.127,0.011000000000000001,0.0,0.055,0.111,0.006999999999999999,0.051,0.184,0.14300000000000002,0.03,0.002,0.061,0.171,0.026000000000000002,0.001,0.171,0.153,0.017,0.0,6.9,8,Trochodendron aralioides_varimp.txt
bio_1,0.31,0.276,0.157,0.185,0.24600000000000002,0.41700000000000004,0.13699999999999998,0.185,0.18,0.155,0.10300000000000001,0.255,0.225,0.214,0.162,0.21,0.38799999999999996,0.35200000000000004,0.205,0.196,4.05,3,Tsuga dumosa_varimp.txt
bio_2,0.17600000000000002,0.264,0.182,0.094,0.066,0.21899999999999997,0.27399999999999997,0.207,0.081,0.145,0.306,0.203,0.083,0.156,0.33399999999999996,0.16,0.051,0.162,0.39299999999999996,0.244,4.35,4,Tsuga dumosa_varimp.txt
bio_7,0.456,0.652,0.816,1.0,0.797,0.866,0.7859999999999999,1.0,0.77,0.909,0.846,1.0,0.629,0.8440000000000001,0.85,1.0,0.49700000000000005,0.7490000000000001,0.7959999999999999,1.0,1.1,1,Tsuga dumosa_varimp.txt
bio_12,0.027000000000000003,0.019,0.262,0.0,0.063,0.049,0.307,0.002,0.038,0.078,0.27699999999999997,0.005,0.017,0.016,0.35200000000000004,0.001,0.016,0.013000000000000001,0.337,0.0,6.9,7,Tsuga dumosa_varimp.txt
bio_14,0.254,0.29600000000000004,0.203,0.092,0.084,0.159,0.19699999999999998,0.076,0.139,0.21600000000000003,0.18600000000000003,0.05,0.177,0.204,0.231,0.071,0.321,0.311,0.245,0.034,4.6,5,Tsuga dumosa_varimp.txt
bio_15,0.16899999999999998,0.162,0.455,0.003,0.035,0.11699999999999999,0.375,0.024,0.052000000000000005,0.06,0.377,0.04,0.07400000000000001,0.08199999999999999,0.395,0.019,0.16899999999999998,0.215,0.418,0.001,5.325,6,Tsuga dumosa_varimp.txt
DEM_ele,0.467,0.35700000000000004,0.252,0.209,0.319,0.218,0.252,0.295,0.268,0.096,0.297,0.282,0.37799999999999995,0.165,0.369,0.1,0.509,0.39799999999999996,0.335,0.233,2.95,2,Tsuga dumosa_varimp.txt
DEM_aspect,0.05,0.07400000000000001,0.013000000000000001,0.046,0.040999999999999995,0.024,0.011000000000000001,0.038,0.038,0.035,0.013999999999999999,0.027999999999999997,0.036000000000000004,0.038,0.011000000000000001,0.028999999999999998,0.061,0.057999999999999996,0.02,0.052000000000000005,7.375,8,Tsuga dumosa_varimp.txt
DEM_slope,0.003,0.008,0.11800000000000001,0.004,0.022000000000000002,0.038,0.102,0.012,0.006999999999999999,0.006,0.122,0.002,0.008,0.013000000000000001,0.094,0.001,0.008,0.022000000000000002,0.084,0.001,8.35,9,Tsuga dumosa_varimp.txt
bio_1,0.0,0.792,0.039,0.0,0.013999999999999999,0.894,0.133,0.0,0.0,0.953,0.135,0.06,0.349,0.903,0.228,0.0,0.628,0.977,0.16399999999999998,0.0,4.125,4,Ulmus prunifolia_varimp.txt
bio_2,1.0,0.7609999999999999,0.14300000000000002,0.505,1.0,0.784,0.126,0.59,0.6459999999999999,0.768,0.17800000000000002,0.862,0.9420000000000001,0.9059999999999999,0.21,0.192,0.0,0.9740000000000001,0.13,0.39899999999999997,2.975,1,Ulmus prunifolia_varimp.txt
bio_7,0.501,0.8370000000000001,0.195,0.0,0.43200000000000005,0.884,0.249,0.0,0.0,0.93,0.315,0.033,0.561,0.86,0.33799999999999997,0.0,0.0,0.9470000000000001,0.259,0.0,3.8,2,Ulmus prunifolia_varimp.txt
bio_12,0.0,0.867,0.213,0.0,0.0,0.8909999999999999,0.401,0.0,0.909,0.9990000000000001,0.205,0.107,0.003,0.893,0.04,0.0,0.0,0.95,0.193,0.0,4.125,4,Ulmus prunifolia_varimp.txt
bio_14,0.17800000000000002,0.6859999999999999,0.064,0.0,0.0,0.843,0.474,0.0,0.0,0.6809999999999999,0.28600000000000003,0.19,0.0,0.772,0.155,0.0,0.066,0.9079999999999999,0.365,0.0,4.875,6,Ulmus prunifolia_varimp.txt
bio_15,0.001,0.091,0.022000000000000002,0.0,0.0,0.513,0.052000000000000005,0.0,0.0,0.858,0.048,0.546,0.0,0.7859999999999999,0.019,0.0,0.0,0.853,0.062,0.0,6.5,7,Ulmus prunifolia_varimp.txt
DEM_ele,0.0,0.609,0.142,0.33899999999999997,0.0,0.789,0.11599999999999999,0.262,0.0,0.9259999999999999,0.052000000000000005,0.0,0.19,0.773,0.08199999999999999,0.6920000000000001,0.0,0.897,0.22399999999999998,0.43200000000000005,4.85,5,Ulmus prunifolia_varimp.txt
DEM_aspect,0.0,0.45299999999999996,0.002,0.0,0.0,0.551,0.001,0.0,0.001,0.5720000000000001,0.003,0.0,0.0,0.523,0.002,0.0,0.5379999999999999,0.799,0.002,0.03,7.05,9,Ulmus prunifolia_varimp.txt
DEM_slope,0.0,0.159,0.038,0.0,0.0,0.418,0.035,0.0,0.055999999999999994,0.6890000000000001,0.004,0.0,0.0,0.919,0.048,0.0,0.0,0.7040000000000001,0.055999999999999994,0.0,6.7,8,Ulmus prunifolia_varimp.txt
bio_1,1.0,0.932,0.345,1.0,1.0,0.945,0.27,0.442,1.0,0.871,0.24100000000000002,0.0,1.0,0.9440000000000001,0.218,0.0,1.0,0.9159999999999999,0.317,1.0,2.6,2,Vatica mangachapoi_varimp.txt
bio_2,0.884,0.889,0.008,0.46,0.0,0.7040000000000001,0.01,0.0,0.0,0.845,0.006,0.0,0.0,0.9159999999999999,0.006,0.0,0.0,0.9,0.008,0.0,5.55,4,Vatica mangachapoi_varimp.txt
bio_7,1.0,1.0,0.18,1.0,1.0,1.0,0.226,1.0,0.43,1.0,0.285,1.0,1.0,1.0,0.266,1.0,1.0,1.0,0.162,1.0,1.4,1,Vatica mangachapoi_varimp.txt
bio_12,0.0,0.639,0.005,0.413,0.0,0.845,0.003,0.413,0.708,0.8490000000000001,0.015,0.622,0.0,0.9059999999999999,0.021,0.6779999999999999,0.0,0.871,0.008,0.5579999999999999,4.65,3,Vatica mangachapoi_varimp.txt
bio_14,0.0,0.542,0.002,0.0,0.0,0.909,0.006,0.0,0.0,0.9009999999999999,0.005,0.0,0.583,0.9520000000000001,0.01,0.0,0.0,0.9309999999999999,0.006999999999999999,0.09300000000000001,5.675,6,Vatica mangachapoi_varimp.txt
bio_15,0.0,0.7,0.0,0.647,0.0,0.619,0.001,0.0,0.0,0.162,0.001,0.41100000000000003,0.0,0.0,0.0,0.65,0.0,0.23600000000000002,0.001,0.069,6.825,8,Vatica mangachapoi_varimp.txt
DEM_ele,0.0,0.983,0.003,0.0,0.0,0.993,0.003,0.0,0.0,0.946,0.006,0.0,0.0,0.985,0.002,0.0,0.0,0.9620000000000001,0.001,0.0,5.725,7,Vatica mangachapoi_varimp.txt
DEM_aspect,0.0,0.397,0.001,0.142,0.371,0.40399999999999997,0.001,0.318,0.0,0.446,0.001,0.267,0.0,0.22399999999999998,0.002,0.21100000000000002,0.0,0.133,0.0,0.20600000000000002,6.9,9,Vatica mangachapoi_varimp.txt
DEM_slope,0.0,0.7,0.005,0.192,0.0,0.883,0.006999999999999999,0.266,0.0,0.664,0.006999999999999999,0.271,0.0,0.861,0.006,0.39799999999999996,0.0,0.867,0.005,0.037000000000000005,5.675,6,Vatica mangachapoi_varimp.txt
bio_1,0.711,0.723,0.23600000000000002,0.204,0.688,0.721,0.16399999999999998,0.102,0.605,0.778,0.302,0.175,0.688,0.705,0.266,0.157,0.726,0.9229999999999999,0.18600000000000003,0.107,3.4,3,Zanthoxylum molle_varimp.txt
bio_2,0.0,0.5429999999999999,0.162,0.0,0.0,0.511,0.21,0.0,0.7290000000000001,0.8059999999999999,0.087,0.257,0.447,0.545,0.24,0.0,0.0,0.557,0.111,0.0,6.2,6,Zanthoxylum molle_varimp.txt
bio_7,0.0,0.86,0.299,0.494,0.0,0.733,0.452,0.039,0.627,0.6890000000000001,0.4,0.09300000000000001,0.424,0.904,0.563,0.075,0.0,0.768,0.5,0.001,4.225,4,Zanthoxylum molle_varimp.txt
bio_12,0.309,0.748,0.409,0.6509999999999999,0.674,0.785,0.429,0.679,0.639,0.708,0.359,0.6940000000000001,0.9059999999999999,0.579,0.466,0.423,0.655,0.81,0.593,0.9309999999999999,2.2,1,Zanthoxylum molle_varimp.txt
bio_14,0.632,0.777,0.35600000000000004,0.084,0.841,0.8420000000000001,0.439,0.28,0.294,0.722,0.498,0.195,0.8759999999999999,0.855,0.415,0.42,0.55,0.856,0.358,0.023,2.9,2,Zanthoxylum molle_varimp.txt
bio_15,0.095,0.41700000000000004,0.055999999999999994,0.059000000000000004,0.247,0.514,0.11,0.008,0.409,0.7,0.07200000000000001,0.282,0.377,0.46299999999999997,0.027000000000000003,0.131,0.27,0.638,0.028999999999999998,0.059000000000000004,6.4,7,Zanthoxylum molle_varimp.txt
DEM_ele,0.215,0.47,0.161,0.157,0.006,0.392,0.113,0.009000000000000001,0.428,0.5660000000000001,0.098,0.0,0.196,0.607,0.21100000000000002,0.038,0.278,0.636,0.11599999999999999,0.0,6.45,8,Zanthoxylum molle_varimp.txt
DEM_aspect,0.001,0.019,0.022000000000000002,0.0,0.006999999999999999,0.04,0.035,0.0,0.133,0.183,0.037000000000000005,0.009000000000000001,0.002,0.025,0.038,0.0,0.004,0.135,0.013999999999999999,0.0,8.425,9,Zanthoxylum molle_varimp.txt
DEM_slope,0.423,0.406,0.203,0.465,0.387,0.542,0.147,0.368,0.43,0.486,0.11,0.273,0.461,0.484,0.142,0.312,0.405,0.544,0.19899999999999998,0.38799999999999996,4.8,5,Zanthoxylum molle_varimp.txt
bio_1,0.0,0.993,0.16899999999999998,0.0,0.028999999999999998,0.884,0.10400000000000001,0.0,0.0,0.973,0.141,0.002,0.0,0.8759999999999999,0.165,0.0,0.0,0.9129999999999999,0.157,0.0,4.65,5,Zenia insignis_varimp.txt
bio_2,0.381,0.6659999999999999,0.076,0.022000000000000002,0.0,0.882,0.12300000000000001,0.057,0.0,0.8059999999999999,0.07200000000000001,0.051,0.0,0.72,0.12,0.059000000000000004,0.0,0.769,0.11199999999999999,0.034,4.5,3,Zenia insignis_varimp.txt
bio_7,0.763,0.23800000000000002,0.245,0.937,0.831,0.895,0.395,1.0,0.609,0.872,0.273,0.965,1.0,0.631,0.27699999999999997,0.932,0.9359999999999999,0.889,0.275,0.9279999999999999,1.8,1,Zenia insignis_varimp.txt
bio_12,0.0,0.845,0.19,0.0,0.032,0.893,0.153,0.013000000000000001,0.8109999999999999,0.778,0.163,0.004,0.1,0.75,0.183,0.002,0.0,0.73,0.185,0.0,4.05,2,Zenia insignis_varimp.txt
bio_14,0.042,0.525,0.08,0.0,0.753,0.815,0.079,0.036000000000000004,0.0,0.5820000000000001,0.085,0.0,0.222,0.302,0.051,0.0,0.033,0.33399999999999996,0.134,0.0,5.5,7,Zenia insignis_varimp.txt
bio_15,0.0,0.76,0.066,0.0,0.415,0.804,0.071,0.048,0.16399999999999998,0.72,0.1,0.016,0.0,0.48100000000000004,0.048,0.0,0.07400000000000001,0.674,0.044000000000000004,0.0,5.5,7,Zenia insignis_varimp.txt
DEM_ele,0.0,0.9259999999999999,0.361,0.0,0.0,0.8240000000000001,0.217,0.0,0.0,0.863,0.257,0.0,0.0,0.8079999999999999,0.353,0.0,0.0,0.8170000000000001,0.384,0.0,4.575,4,Zenia insignis_varimp.txt
DEM_aspect,0.0,0.132,0.031,0.0,0.0,0.43200000000000005,0.02,0.0,0.0,0.281,0.024,0.0,0.0,0.047,0.005,0.0,0.009000000000000001,0.109,0.02,0.0,7.675,9,Zenia insignis_varimp.txt
DEM_slope,0.0,0.233,0.06,0.025,0.0,0.41,0.031,0.026000000000000002,0.071,0.151,0.052000000000000005,0.026000000000000002,0.0,0.1,0.095,0.0,0.0,0.06,0.042,0.0,6.75,8,Zenia insignis_varimp.txt
